# i  k  rho  u  p t
0.0000000000e+00 8749 0.0000000000e+00 0.0000000000e+00 0.0000000000e+00 6.8700001575e-03 0.0000000000e+00 2.0860000513e-03 5.0000000000e+02 3.1000000000e+03 2.3409000000e+04 9.0718066406e+03 0.0000000000e+00
3.2499998342e-03 8749 4.2534713040e-26 1.7309580299e-11 1.7477868437e-10 6.8664075087e-03 1.3435971112e-10 2.0849089610e-03 6.3515648601e+02 3.1016227981e+03 2.3363945269e+04 9.0590830078e+03 1.3652995311e+07
6.4999996684e-03 8749 3.0701575603e-25 1.5067254689e-10 1.4566340301e-09 6.8612527580e-03 1.2655484612e-09 2.0833420934e-03 7.6198043404e+02 3.1039544507e+03 2.3299210142e+04 9.0407675781e+03 1.3651047733e+07
9.7499992698e-03 8749 4.4307947782e-25 7.4527643637e-10 6.9829256673e-09 6.8548640919e-03 6.7139517322e-09 2.0813947670e-03 8.8231970958e+02 3.1068485791e+03 2.3218858584e+04 9.0179765625e+03 1.3649428133e+07
1.2999999337e-02 8749 -3.4347279426e-25 2.6393248606e-09 2.4041869151e-08 6.8475503774e-03 2.5525852204e-08 2.0791501910e-03 9.9724901837e+02 3.1101656208e+03 2.3126765302e+04 8.9917714844e+03 1.3648115079e+07
1.6249999404e-02 8749 -2.2337304234e-25 7.4342575725e-09 6.6054795590e-08 6.8395486626e-03 7.7266158261e-08 2.0766597500e-03 1.1074733033e+03 3.1137953047e+03 2.3025991778e+04 8.9629814453e+03 1.3647067930e+07
1.9499998540e-02 8749 -2.2106617409e-25 1.7718168553e-08 1.5411965027e-07 6.8310414134e-03 1.9789772033e-07 2.0739444594e-03 1.2134779835e+03 3.1176475056e+03 2.2919040197e+04 8.9322841797e+03 1.3646242783e+07
2.2749999538e-02 8749 -5.5515430896e-25 3.7206903450e-08 3.1803410772e-07 6.8221120303e-03 4.4618026588e-07 2.0709779747e-03 1.3158100948e+03 3.1216713243e+03 2.2807323670e+04 8.9000341797e+03 1.3645580587e+07
2.5999998674e-02 8749 -3.3927155077e-25 7.0806044808e-08 5.9697893210e-07 6.8127575094e-03 9.1011051715e-07 2.0676872504e-03 1.4151055241e+03 3.1258482984e+03 2.2691354764e+04 8.8663251953e+03 1.3645038604e+07
2.9249999672e-02 8749 2.1568799687e-26 1.2462998590e-07 1.0402786016e-06 6.8028929165e-03 1.7131713999e-06 2.0639506977e-03 1.5121420194e+03 3.1301893969e+03 2.2570828897e+04 8.8310087891e+03 1.3644585272e+07
3.2499998808e-02 8749 1.4693400190e-25 2.0603199817e-07 1.7088025387e-06 6.7923506798e-03 3.0204341240e-06 2.0595941892e-03 1.6078955566e+03 3.1347344364e+03 2.2444640578e+04 8.7936855469e+03 1.3644196633e+07
3.5749997944e-02 8749 -1.4085587014e-25 3.2370427654e-07 2.6776832056e-06 6.7808760450e-03 5.0448175798e-06 2.0543845410e-03 1.7035954354e+03 3.1395532499e+03 2.2310850882e+04 8.7536982422e+03 1.3643853946e+07
3.8999997079e-02 8749 -2.4544228413e-25 4.8789513298e-07 4.0410938119e-06 6.7681197084e-03 8.0538863571e-06 2.0480199037e-03 1.8007728308e+03 3.1447481082e+03 2.2166620268e+04 8.7100908203e+03 1.3643542095e+07
4.2249996215e-02 8749 -2.5180931872e-25 7.1076559859e-07 5.9199049359e-06 6.7536284758e-03 1.2377433851e-05 2.0401164098e-03 1.9012986716e+03 3.1504570184e+03 2.2008116948e+04 8.6615830078e+03 1.3643248578e+07
4.5499999076e-02 8749 -2.0384710614e-25 1.0068556199e-06 8.4730406404e-06 6.7368357284e-03 1.8415495285e-05 2.0301909272e-03 2.0074018017e+03 3.1568572729e+03 2.1830418285e+04 8.6065048828e+03 1.3642962952e+07
4.8750001937e-02 8749 -1.4110399376e-25 1.3935298094e-06 1.1913117822e-05 6.7170556383e-03 2.6645023048e-05 2.0176411868e-03 2.1216513940e+03 3.1641679845e+03 2.1627440312e+04 8.5427578125e+03 1.3642676805e+07
5.1999997348e-02 8749 2.7314464868e-25 1.8910981884e-06 1.6526131601e-05 6.6934885090e-03 3.7620958291e-05 2.0017273352e-03 2.2468790054e+03 3.1726493331e+03 2.1391958569e+04 8.4677861328e+03 1.3642384396e+07
5.5250000209e-02 8749 4.1853454935e-25 2.5220222542e-06 2.2692778790e-05 6.6652502382e-03 5.1963373764e-05 1.9815643497e-03 2.3860028091e+03 3.1825945002e+03 2.1115831693e+04 8.3785996094e+03 1.3642084014e+07
5.8499999344e-02 8749 6.2748004579e-25 3.3082317823e-06 3.0904240334e-05 6.6314462280e-03 7.0316559469e-05 1.9561438955e-03 2.5417022477e+03 3.1943078823e+03 2.0790606059e+04 8.2719267578e+03 1.3641780085e+07
6.1749998480e-02 8749 2.9661780202e-25 4.2654541910e-06 4.1758648963e-05 6.5913097589e-03 9.3263939372e-05 1.9244114560e-03 2.7159111012e+03 3.2080630260e+03 2.0408683254e+04 8.1445600586e+03 1.3641485188e+07
6.4999997616e-02 8749 1.3015883205e-25 5.3940415961e-06 5.5917177292e-05 6.5444140382e-03 1.2118801960e-04 1.8854266591e-03 2.9091375212e+03 3.2240363207e+03 1.9965160837e+04 7.9939780273e+03 1.3641220376e+07
6.8249993026e-02 8749 -4.2183661649e-25 6.6680530841e-06 7.4001388939e-05 6.4909245252e-03 1.5409163657e-04 1.8386091952e-03 3.1197480375e+03 3.2422249927e+03 1.9460109243e+04 7.8192036133e+03 1.3641011281e+07
7.1499995887e-02 8749 -1.6985744759e-25 8.0278496436e-06 9.6436437774e-05 6.4317969933e-03 1.9144101657e-04 1.7840149327e-03 3.3435034317e+03 3.2623769598e+03 1.8900520772e+04 7.6216621094e+03 1.3640879404e+07
7.4749998748e-02 8749 -1.1630167378e-24 9.3832665160e-06 1.2328637395e-04 6.3687934541e-03 2.3212230162e-04 1.7225234255e-03 3.5736901607e+03 3.2839727676e+03 1.8300813120e+04 7.4056425781e+03 1.3640831569e+07
7.7999994159e-02 8749 -3.9877624575e-25 1.0630625351e-05 1.5416036277e-04 6.3042394149e-03 2.7457761418e-04 1.6558099041e-03 3.8020239242e+03 3.3062881791e+03 1.7681094158e+04 7.1779350586e+03 1.3640854679e+07
8.1249997020e-02 8749 -1.7060162341e-25 1.1677867991e-05 1.8824833559e-04 6.2405882139e-03 3.1709155308e-04 1.5860728224e-03 4.0200998297e+03 3.3285240581e+03 1.7063556289e+04 6.9466738281e+03 1.3640920326e+07
8.4499992430e-02 8749 6.3236142977e-25 1.2465852787e-05 2.2447544970e-04 6.1799742240e-03 3.5810883458e-04 1.5156258983e-03 4.2208412620e+03 3.3499509660e+03 1.6468460923e+04 6.7198154297e+03 1.3640996557e+07
8.7750002742e-02 8749 7.6253822935e-25 1.2976698676e-05 2.6170612272e-04 6.1239214701e-03 3.9646048925e-04 1.4465195630e-03 4.3994412327e+03 3.3700141990e+03 1.5911219550e+04 6.5038818359e+03 1.3641058724e+07
9.0999998152e-02 8749 8.5823723886e-25 1.3228519194e-05 2.9891543736e-04 6.0732713325e-03 4.3144096002e-04 1.3803158747e-03 4.5535832982e+03 3.3883723756e+03 1.5401319904e+04 6.3033237305e+03 1.3641093943e+07
9.4249993563e-02 8749 5.5221517425e-25 1.3262553752e-05 3.3528977716e-04 6.0282735017e-03 4.6276486842e-04 1.3180284864e-03 4.6831046993e+03 3.4048812438e+03 1.4942774146e+04 6.1205024414e+03 1.3641099628e+07
9.7500003874e-02 8749 4.9338185765e-25 1.3129478554e-05 3.7025381078e-04 5.9887550566e-03 4.9045976342e-04 1.2601848289e-03 4.7893771261e+03 3.4195466839e+03 1.4535423421e+04 5.9560732422e+03 1.3641079487e+07
1.0074999928e-01 8749 1.9045687770e-25 1.2879072090e-05 4.0344925653e-04 5.9542911283e-03 5.1474991737e-04 1.2069415085e-03 4.8746707403e+03 3.4324718512e+03 1.4176405827e+04 5.8095078125e+03 1.3641039718e+07
1.0399999470e-01 8749 2.5875051643e-25 1.2554274227e-05 4.3469274443e-04 5.9243386658e-03 5.3596133933e-04 1.1582024386e-03 4.9416441178e+03 3.4438127139e+03 1.3861391468e+04 5.6795581055e+03 1.3640986658e+07
1.0724999756e-01 8749 1.2460959866e-25 1.2188949552e-05 4.6392818634e-04 5.8983278487e-03 5.5445429616e-04 1.1137199640e-03 4.9929917945e+03 3.4537455336e+03 1.3585485936e+04 5.5646318359e+03 1.3640925680e+07
1.1050000042e-01 8749 8.4496584544e-26 1.1807985087e-05 4.9118535432e-04 5.8757151902e-03 5.7058233210e-04 1.0731684676e-03 5.0312376618e+03 3.4624464350e+03 1.3343798079e+04 5.4630395508e+03 1.3640860888e+07
1.1374999583e-01 8749 -2.2462464105e-25 1.1428549736e-05 5.1654764092e-04 5.8560096566e-03 5.8467067469e-04 1.0361933735e-03 5.0586342402e+03 3.4700800747e+03 1.3131754888e+04 5.3731411133e+03 1.3640795221e+07
1.1699999869e-01 8749 -4.5163339971e-25 1.1061729062e-05 5.4012871126e-04 5.8387818851e-03 5.9700719500e-04 1.0024413427e-03 5.0771298771e+03 3.4767944009e+03 1.2945247193e+04 5.2934218750e+03 1.3640730647e+07
1.2024999410e-01 8749 -4.1468000202e-25 1.0714109970e-05 5.6205603840e-04 5.8236642121e-03 6.0784052166e-04 9.7157794740e-04 5.0883749347e+03 3.4827189893e+03 1.2780676018e+04 5.2225302734e+03 1.3640668441e+07
1.2349999696e-01 8749 -2.9071016924e-25 1.0389104182e-05 5.8246084765e-04 5.8103453529e-03 6.1738248921e-04 9.4329556949e-04 5.0937483721e+03 3.4879656785e+03 1.2634934969e+04 5.1592788086e+03 1.3640609352e+07
1.2674999237e-01 8749 -4.2659612571e-25 1.0087989118e-05 6.0147126858e-04 5.7985637509e-03 6.2581193217e-04 9.1731705107e-04 5.0943917078e+03 3.4926299996e+03 1.2505370553e+04 5.1026450195e+03 1.3640553782e+07
1.2999999523e-01 8749 -4.1817841979e-25 9.8106644587e-06 6.1920897012e-04 5.7881001231e-03 6.3327935268e-04 8.9339520381e-04 5.0912442736e+03 3.4967931923e+03 1.2389726199e+04 5.0517456055e+03 1.3640501875e+07
1.3324999809e-01 8749 -4.2997176979e-25 9.5561960915e-06 6.3578694744e-04 5.7787708925e-03 6.3991115360e-04 8.7131153287e-04 5.0850760500e+03 3.5005240995e+03 1.2286089660e+04 5.0058256836e+03 1.3640453626e+07
1.3649998605e-01 8749 -4.2821956946e-25 9.3231828162e-06 6.5130886158e-04 5.7704221601e-03 6.4581362984e-04 8.5087361616e-04 5.0765167366e+03 3.5038810363e+03 1.2192841127e+04 4.9642412109e+03 1.3640408932e+07
1.3975000381e-01 8749 -6.3655308482e-25 9.1099960878e-06 6.6586928429e-04 5.7629244711e-03 6.5107647649e-04 8.3191197489e-04 5.0660803463e+03 3.5069134875e+03 1.2108606054e+04 4.9264433594e+03 1.3640367623e+07
1.4299999177e-01 8749 -6.3040386688e-25 8.9149466436e-06 6.7955332827e-04 5.7561689325e-03 6.5577540476e-04 8.1427828490e-04 5.0541865774e+03 3.5096633734e+03 1.2032219994e+04 4.8919604492e+03 1.3640329499e+07
1.4624999464e-01 8749 -6.1033748475e-25 8.7363672496e-06 6.9243814114e-04 5.7500632288e-03 6.5997485214e-04 7.9784163950e-04 5.0411773427e+03 3.5121664432e+03 1.1962689945e+04 4.8603901367e+03 1.3640294342e+07
1.4949999750e-01 8749 -6.2197853775e-25 8.5726780917e-06 7.0459289621e-04 5.7445290833e-03 6.6372970952e-04 7.8248713617e-04 5.0273315189e+03 3.5144531427e+03 1.1899170168e+04 4.8313872070e+03 1.3640261928e+07
1.5275000036e-01 8749 -5.6527097335e-25 8.4224114071e-06 7.1607981747e-04 5.7394997293e-03 6.6708704183e-04 7.6811340841e-04 5.0128762468e+03 3.5165495271e+03 1.1840936933e+04 4.8046542969e+03 1.3640232046e+07
1.5599998832e-01 8749 -4.9954412796e-25 8.2842250626e-06 7.2695477334e-04 5.7349180268e-03 6.7008737380e-04 7.5463097022e-04 4.9979964922e+03 3.5184779418e+03 1.1787369537e+04 4.7799360352e+03 1.3640204489e+07
1.5924999118e-01 8749 -4.5497307551e-25 8.1569019502e-06 7.3726812382e-04 5.7307347970e-03 6.7276581851e-04 7.4196041527e-04 4.9828424478e+03 3.5202576417e+03 1.1737933122e+04 4.7570102539e+03 1.3640179062e+07
1.6249999404e-01 8749 -4.1157760667e-25 8.0393492279e-06 7.4706503935e-04 5.7269076436e-03 6.7515288207e-04 7.3003142778e-04 4.9675362006e+03 3.5219052263e+03 1.1692166584e+04 4.7356850586e+03 1.3640155583e+07
1.6574999690e-01 8749 -3.5233949993e-25 7.9305880671e-06 7.5638624821e-04 5.7233998020e-03 6.7727524015e-04 7.1878137903e-04 4.9521765514e+03 3.5234350796e+03 1.1649670378e+04 4.7157919922e+03 1.3640133886e+07
1.6899998486e-01 8749 -1.2290972425e-25 7.8297453157e-06 7.6526844038e-04 5.7201792954e-03 6.7915631137e-04 7.0815443772e-04 4.9368433046e+03 3.5248596908e+03 1.1610097576e+04 4.6971870117e+03 1.3640113816e+07
1.7224998772e-01 8749 -4.0662676003e-26 7.7360418643e-06 7.7374486963e-04 5.7172181508e-03 6.8081677899e-04 6.9810052459e-04 4.9216003833e+03 3.5261899610e+03 1.1573145368e+04 4.6797412109e+03 1.3640095233e+07
1.7550000548e-01 8749 2.3001714160e-25 7.6487851661e-06 7.8184554023e-04 5.7144918689e-03 6.8227495397e-04 6.8857481943e-04 4.9064989558e+03 3.5274354059e+03 1.1538549427e+04 4.6633432617e+03 1.3640078008e+07
1.7874999344e-01 8749 3.1742461362e-25 7.5673600558e-06 7.8959753677e-04 5.7119789229e-03 6.8354711655e-04 6.7953714193e-04 4.8915797743e+03 3.5286043522e+03 1.1506078466e+04 4.6478925781e+03 1.3640062026e+07
1.8199999630e-01 8749 3.4958150570e-25 7.4912169305e-06 7.9702564491e-04 5.7096602370e-03 6.8464784679e-04 6.7095104042e-04 4.8768744280e+03 3.5297041496e+03 1.1475528313e+04 4.6333046875e+03 1.3640047178e+07
1.8524998426e-01 8749 3.9924845583e-25 7.4198680409e-06 8.0415223595e-04 5.7075189595e-03 6.8559019820e-04 6.6278377014e-04 4.8624076316e+03 3.5307412538e+03 1.1446719646e+04 4.6195009766e+03 1.3640033369e+07
1.8849998713e-01 8749 4.0950141002e-25 7.3528774156e-06 8.1099780951e-04 5.7055400720e-03 6.8638593998e-04 6.5500553186e-04 4.8481978895e+03 3.5317213896e+03 1.1419493447e+04 4.6064125977e+03 1.3640020512e+07
1.9174998999e-01 8749 4.2589238955e-25 7.2898569399e-06 8.1758097577e-04 5.7037102074e-03 6.8704569440e-04 6.4758938169e-04 4.8342590052e+03 3.5326496179e+03 1.1393709135e+04 4.5939799805e+03 1.3640008528e+07
1.9500000775e-01 8749 4.0205537365e-25 7.2304593107e-06 8.2391879941e-04 5.7020173923e-03 6.8757909688e-04 6.4051074235e-04 4.8206006214e+03 3.5335304437e+03 1.1369241565e+04 4.5821484375e+03 1.3639997343e+07
1.9824999571e-01 8749 4.0572073206e-25 7.1743748093e-06 8.3002679140e-04 5.7004509128e-03 6.8799490261e-04 6.3374732887e-04 4.8072293126e+03 3.5343678656e+03 1.1345979666e+04 4.5708686523e+03 1.3639986893e+07
2.0149999857e-01 8749 4.0724422804e-25 7.1213244683e-06 8.3591933328e-04 5.6990010882e-03 6.8830110840e-04 6.2727860549e-04 4.7941485665e+03 3.5351654760e+03 1.1323823649e+04 4.5600976562e+03 1.3639977118e+07
2.0474998653e-01 8749 3.7320403721e-25 7.0710591155e-06 8.4160950199e-04 5.6976592173e-03 6.8850502153e-04 6.2108591766e-04 4.7813599492e+03 3.5359264731e+03 1.1302684677e+04 4.5497963867e+03 1.3639967965e+07
2.0799998939e-01 8749 3.9575591087e-25 7.0233539142e-06 8.4710942539e-04 5.6964174065e-03 6.8861334757e-04 6.1515204796e-04 4.7688629806e+03 3.5366537394e+03 1.1282482678e+04 4.5399291992e+03 1.3639959385e+07
2.1124997735e-01 8749 3.6929669023e-25 6.9780072773e-06 8.5243017797e-04 5.6952685192e-03 6.8863225019e-04 6.0946128073e-04 4.7566559393e+03 3.5373498541e+03 1.1263146006e+04 4.5304648438e+03 1.3639951331e+07
2.1449999511e-01 8749 4.0163505141e-25 6.9348364423e-06 8.5758209372e-04 5.6942060438e-03 6.8856740984e-04 6.0399902632e-04 4.7447356429e+03 3.5380171566e+03 1.1244609679e+04 4.5213730469e+03 1.3639943766e+07
2.1774999797e-01 8749 4.3591425901e-25 6.8936774480e-06 8.6257458363e-04 5.6932240751e-03 6.8842407535e-04 5.9875197656e-04 4.7330982895e+03 3.5386577420e+03 1.1226815500e+04 4.5126298828e+03 1.3639936650e+07
2.2100000083e-01 8749 4.5132293067e-25 6.8543812110e-06 8.6741644353e-04 5.6923172024e-03 6.8820710421e-04 5.9370774593e-04 4.7217391105e+03 3.5392735174e+03 1.1209710490e+04 4.5042104492e+03 1.3639929951e+07
2.2424998879e-01 8749 4.4083018615e-25 6.8168129634e-06 8.7211578012e-04 5.6914804823e-03 6.8792100360e-04 5.8885492209e-04 4.7106528577e+03 3.5398662068e+03 1.1193246763e+04 4.4960932617e+03 1.3639923637e+07
2.2749999166e-01 8749 3.8055168076e-25 6.7808498791e-06 8.7668017596e-04 5.6907093709e-03 6.8756995721e-04 5.8418286757e-04 4.6998336863e+03 3.5404373841e+03 1.1177380601e+04 4.4882587891e+03 1.3639917680e+07
2.3074997962e-01 8749 3.4450890153e-25 6.7463809011e-06 8.8111659406e-04 5.6899997061e-03 6.8715786560e-04 5.7968179531e-04 4.6892756185e+03 3.5409884719e+03 1.1162072485e+04 4.4806894531e+03 1.3639912056e+07
2.3399999738e-01 8749 2.5142197929e-25 6.7133041290e-06 8.8543160870e-04 5.6893476415e-03 6.8668835591e-04 5.7534251268e-04 4.6789721989e+03 3.5415207794e+03 1.1147286046e+04 4.4733681641e+03 1.3639906739e+07
2.3725000024e-01 8749 2.0945267792e-25 6.6815274721e-06 8.8963122750e-04 5.6887496463e-03 6.8616482772e-04 5.7115658131e-04 4.6689170989e+03 3.5420354888e+03 1.1132988447e+04 4.4662802734e+03 1.3639901709e+07
2.4049998820e-01 8749 1.2000042357e-25 6.6509663554e-06 8.9372110858e-04 5.6882024491e-03 6.8559045494e-04 5.6711608175e-04 4.6591037497e+03 3.5425336889e+03 1.1119149443e+04 4.4594121094e+03 1.3639896945e+07
2.4374999106e-01 8749 5.1270030386e-26 6.6215431190e-06 8.9770656959e-04 5.6877030185e-03 6.8496820371e-04 5.6321359116e-04 4.6495254582e+03 3.5430163822e+03 1.1105741189e+04 4.4527504883e+03 1.3639892429e+07
2.4699999392e-01 8749 6.5208133549e-27 6.5931869722e-06 9.0159252689e-04 5.6872485511e-03 6.8430086308e-04 5.5944222918e-04 4.6401756699e+03 3.5434844826e+03 1.1092738292e+04 4.4462841797e+03 1.3639888145e+07
2.5024998188e-01 8749 -5.0909894555e-27 6.5658329215e-06 9.0538358039e-04 5.6868364430e-03 6.8359105246e-04 5.5579556026e-04 4.6310478667e+03 3.5439388312e+03 1.1080117396e+04 4.4400019531e+03 1.3639884077e+07
2.5349998474e-01 8749 -4.5417288017e-26 6.5394208537e-06 9.0908408847e-04 5.6864642683e-03 6.8284122390e-04 5.5226751105e-04 4.6221354755e+03 3.5443802085e+03 1.1067856813e+04 4.4338950195e+03 1.3639880211e+07
2.5674998760e-01 8749 -5.0035235405e-26 6.5138957717e-06 9.1269808809e-04 5.6861297726e-03 6.8205369400e-04 5.4885243694e-04 4.6134321422e+03 3.5448093291e+03 1.1055936700e+04 4.4279521484e+03 1.3639876534e+07
2.5999999046e-01 8749 -7.0871544889e-26 6.4892068445e-06 9.1622938443e-04 5.6858308526e-03 6.8123064173e-04 5.4554502571e-04 4.6049315828e+03 3.5452268549e+03 1.1044338664e+04 4.4221660156e+03 1.3639873033e+07
2.6324999332e-01 8749 -6.3359800426e-26 6.4653071347e-06 9.1968155197e-04 5.6855655437e-03 6.8037412121e-04 5.4234028821e-04 4.5966276387e+03 3.5456333989e+03 1.1033045683e+04 4.4165283203e+03 1.3639869699e+07
2.6649999619e-01 8749 -5.8528423157e-26 6.4421532347e-06 9.2305795227e-04 5.6853320096e-03 6.7948607083e-04 5.3923353333e-04 4.5885142893e+03 3.5460295289e+03 1.1022041981e+04 4.4110317383e+03 1.3639866519e+07
2.6974999905e-01 8749 -7.7454285455e-26 6.4197049451e-06 9.2636174942e-04 5.6851285314e-03 6.7856832112e-04 5.3622034656e-04 4.5805856615e+03 3.5464157721e+03 1.1011312916e+04 4.4056694336e+03 1.3639863485e+07
2.7299997211e-01 8749 -7.8895589634e-26 6.3979251840e-06 9.2959589519e-04 5.6849534994e-03 6.7762261117e-04 5.3329659517e-04 4.5728361033e+03 3.5467926150e+03 1.1000844972e+04 4.4004350586e+03 1.3639860588e+07
2.7625000477e-01 8749 -5.7751715604e-26 6.3767787570e-06 9.3276328765e-04 5.6848053981e-03 6.7665055079e-04 5.3045828039e-04 4.5652598411e+03 3.5471605236e+03 1.0990625205e+04 4.3953227539e+03 1.3639857819e+07
2.7950000763e-01 8749 -2.5291753985e-26 6.3562340637e-06 9.3586649234e-04 5.6846828120e-03 6.7565371565e-04 5.2770178033e-04 4.5578516778e+03 3.5475199126e+03 1.0980642094e+04 4.3903276367e+03 1.3639855171e+07
2.8274998069e-01 8749 -1.9037872885e-26 6.3362611276e-06 9.3890801694e-04 5.6845844060e-03 6.7463357360e-04 5.2502359823e-04 4.5506063629e+03 3.5478711788e+03 1.0970884619e+04 4.3854423828e+03 1.3639852638e+07
2.8599998355e-01 8749 3.4397486771e-26 6.3168316585e-06 9.4189028565e-04 5.6845089221e-03 6.7359149621e-04 5.2242038279e-04 4.5435186804e+03 3.5482146988e+03 1.0961342318e+04 4.3806640625e+03 1.3639850211e+07
2.8924998641e-01 8749 1.1718615431e-25 6.2979197742e-06 9.4481551189e-04 5.6844551783e-03 6.7252881150e-04 5.1988903385e-04 4.5365837703e+03 3.5485508158e+03 1.0952005656e+04 4.3759868164e+03 1.3639847886e+07
2.9249998927e-01 8749 1.6410753555e-25 6.2795011181e-06 9.4768581794e-04 5.6844220588e-03 6.7144677060e-04 5.1742659342e-04 4.5297968639e+03 3.5488798543e+03 1.0942865622e+04 4.3714067383e+03 1.3639845656e+07
2.9574999213e-01 8749 2.1689779664e-25 6.2615529027e-06 9.5050321481e-04 5.6844085109e-03 6.7034656141e-04 5.1503025873e-04 4.5231533480e+03 3.5492021183e+03 1.0933913768e+04 4.3669204102e+03 1.3639843517e+07
2.9899999499e-01 8749 3.0406570846e-25 6.2440537850e-06 9.5326960973e-04 5.6844135403e-03 6.6922931213e-04 5.1269737266e-04 4.5166487626e+03 3.5495178935e+03 1.0925142163e+04 4.3625234375e+03 1.3639841463e+07
3.0224999785e-01 8749 3.8218993631e-25 6.2269837499e-06 9.5598681255e-04 5.6844362070e-03 6.6809609486e-04 5.1042541430e-04 4.5102787963e+03 3.5498274480e+03 1.0916543354e+04 4.3582114258e+03 1.3639839490e+07
3.0550000072e-01 8749 4.6889797680e-25 6.2103240109e-06 9.5865654224e-04 5.6844756220e-03 6.6694792879e-04 5.0821199014e-04 4.5040392841e+03 3.5501310342e+03 1.0908110333e+04 4.3539829102e+03 1.3639837593e+07
3.0874997377e-01 8749 5.2226859254e-25 6.1940570596e-06 9.6128040866e-04 5.6845309431e-03 6.6578579403e-04 5.0605484572e-04 4.4979262582e+03 3.5504288871e+03 1.0899836574e+04 4.3498334961e+03 1.3639835768e+07
3.1199997663e-01 8749 5.9110812110e-25 6.1781659924e-06 9.6386001291e-04 5.6846013742e-03 6.6461059130e-04 5.0395178033e-04 4.4919357232e+03 3.5507212360e+03 1.0891715704e+04 4.3457602539e+03 1.3639834012e+07
3.1525000930e-01 8749 6.5472355129e-25 6.1626351794e-06 9.6639683227e-04 5.6846861598e-03 6.6342319803e-04 5.0190073933e-04 4.4860639325e+03 3.5510082921e+03 1.0883741857e+04 4.3417612305e+03 1.3639832321e+07
3.1849998236e-01 8749 6.9316489494e-25 6.1474502935e-06 9.6889220592e-04 5.6847845802e-03 6.6222448282e-04 4.9989982063e-04 4.4803074258e+03 3.5512902473e+03 1.0875909703e+04 4.3378320312e+03 1.3639830691e+07
3.2174998522e-01 8749 7.2737695681e-25 6.1325970073e-06 9.7134754390e-04 5.6848959579e-03 6.6101520862e-04 4.9794710517e-04 4.4746625516e+03 3.5515672980e+03 1.0868213785e+04 4.3339711914e+03 1.3639829120e+07
3.2499998808e-01 8749 7.6902889956e-25 6.1180623198e-06 9.7376410257e-04 5.6850196457e-03 6.5979614460e-04 4.9604083559e-04 4.4691259922e+03 3.5518396202e+03 1.0860649217e+04 4.3301762695e+03 1.3639827605e+07
3.2824999094e-01 8749 7.8980669878e-25 6.1038338107e-06 9.7614310208e-04 5.6851550295e-03 6.5856801337e-04 4.9417931839e-04 4.4636944958e+03 3.5521073830e+03 1.0853211299e+04 4.3264448242e+03 1.3639826143e+07
3.3149999380e-01 8749 7.8625846065e-25 6.0898997270e-06 9.7848570725e-04 5.6853015254e-03 6.5733150344e-04 4.9236093836e-04 4.4583649248e+03 3.5523707467e+03 1.0845895580e+04 4.3227749023e+03 1.3639824731e+07
3.3474996686e-01 8749 7.9851655405e-25 6.0762490611e-06 9.8079301016e-04 5.6854585766e-03 6.5608728292e-04 4.9058416970e-04 4.4531342994e+03 3.5526298609e+03 1.0838697901e+04 4.3191640625e+03 1.3639823367e+07
3.3799996972e-01 8749 8.0318459448e-25 6.0628710154e-06 9.8306611605e-04 5.6856256575e-03 6.5483595503e-04 4.8884750803e-04 4.4479996036e+03 3.5528848749e+03 1.0831614120e+04 4.3156103516e+03 1.3639822048e+07
3.4124997258e-01 8749 7.9973717330e-25 6.0497557078e-06 9.8530602070e-04 5.6858022632e-03 6.5357812824e-04 4.8714956312e-04 4.4429580680e+03 3.5531359234e+03 1.0824640491e+04 4.3121123047e+03 1.3639820774e+07
3.4449997544e-01 8749 7.7879241041e-25 6.0368936358e-06 9.8751369711e-04 5.6859879145e-03 6.5231437224e-04 4.8548899059e-04 4.4380069741e+03 3.5533831370e+03 1.0817773390e+04 4.3086679688e+03 1.3639819540e+07
3.4775000811e-01 8749 7.4427976300e-25 6.0242756567e-06 9.8969009646e-04 5.6861821562e-03 6.5104521883e-04 4.8386449030e-04 4.4331436549e+03 3.5536266420e+03 1.0811009306e+04 4.3052749023e+03 1.3639818347e+07
3.5100001097e-01 8749 7.0367705972e-25 6.0118934147e-06 9.9183607117e-04 5.6863845490e-03 6.4977120995e-04 4.8227486164e-04 4.4283656676e+03 3.5538665522e+03 1.0804345077e+04 4.3019321289e+03 1.3639817191e+07
3.5424998403e-01 8749 6.7296901239e-25 5.9997387335e-06 9.9395247706e-04 5.6865946774e-03 6.4849284063e-04 4.8071892636e-04 4.4236705675e+03 3.5541029805e+03 1.0797777568e+04 4.2986391602e+03 1.3639816071e+07
3.5749998689e-01 8749 6.4554983223e-25 5.9878036127e-06 9.9604017246e-04 5.6868121487e-03 6.4721055980e-04 4.7919552894e-04 4.4190559118e+03 3.5543360388e+03 1.0791303673e+04 4.2953925781e+03 1.3639814986e+07
3.6074998975e-01 8749 6.2640024486e-25 5.9760807485e-06 9.9809992413e-04 5.6870365826e-03 6.4592483014e-04 4.7770360366e-04 4.4145194688e+03 3.5545658275e+03 1.0784920601e+04 4.2921923828e+03 1.3639813934e+07
3.6399999261e-01 8749 5.8527979921e-25 5.9645630706e-06 1.0001324867e-03 5.6872676179e-03 6.4463608211e-04 4.7624211555e-04 4.4100590427e+03 3.5547924445e+03 1.0778625629e+04 4.2890366211e+03 1.3639812913e+07
3.6724999547e-01 8749 5.4352963632e-25 5.9532438320e-06 1.0021385849e-03 5.6875049094e-03 6.4334472657e-04 4.7481007233e-04 4.4056725130e+03 3.5550159837e+03 1.0772416155e+04 4.2859243164e+03 1.3639811923e+07
3.7049996853e-01 8749 4.9979984882e-25 5.9421166888e-06 1.0041188967e-03 5.6877481252e-03 6.4205116789e-04 4.7340653492e-04 4.4013578722e+03 3.5552365326e+03 1.0766289745e+04 4.2828530273e+03 1.3639810962e+07
3.7374997139e-01 8749 4.8937932061e-25 5.9311752833e-06 1.0060741274e-03 5.6879969546e-03 6.4075575681e-04 4.7203056466e-04 4.3971130652e+03 3.5554541810e+03 1.0760243906e+04 4.2798237305e+03 1.3639810028e+07
3.7699997425e-01 8749 4.5599906537e-25 5.9204138311e-06 1.0080049020e-03 5.6882510942e-03 6.3945886300e-04 4.7068129795e-04 4.3929362232e+03 3.5556690089e+03 1.0754276413e+04 4.2768334961e+03 1.3639809121e+07
3.8024997711e-01 8749 4.3505476003e-25 5.9098267013e-06 1.0099118391e-03 5.6885102559e-03 6.3816082789e-04 4.6935789318e-04 4.3888255023e+03 3.5558810950e+03 1.0748385083e+04 4.2738818359e+03 1.3639808240e+07
3.8349997997e-01 8749 4.1714752772e-25 5.8994085039e-06 1.0117955344e-03 5.6887741643e-03 6.3686197751e-04 4.6805954203e-04 4.3847791221e+03 3.5560905147e+03 1.0742567820e+04 4.2709677734e+03 1.3639807383e+07
3.8675001264e-01 8749 3.9463423438e-25 5.8891539852e-06 1.0136565778e-03 5.6890425583e-03 6.3556261125e-04 4.6678545620e-04 4.3807953258e+03 3.5562973422e+03 1.0736822564e+04 4.2680903320e+03 1.3639806549e+07
3.9000001550e-01 8749 3.7201234979e-25 5.8790583840e-06 1.0154954877e-03 5.6893151806e-03 6.3426305013e-04 4.6553491230e-04 4.3768725237e+03 3.5565016431e+03 1.0731147491e+04 4.2652485352e+03 1.3639805738e+07
3.9324998856e-01 8749 3.6159430783e-25 5.8691169536e-06 1.0173127968e-03 5.6895917899e-03 6.3296357789e-04 4.6430719193e-04 4.3730091072e+03 3.5567034841e+03 1.0725540749e+04 4.2624418945e+03 1.3639804949e+07
3.9649999142e-01 8749 3.7015382197e-25 5.8593249627e-06 1.0191090510e-03 5.6898721599e-03 6.3166444150e-04 4.6310158229e-04 4.3692034532e+03 3.5569029329e+03 1.0720000456e+04 4.2596684570e+03 1.3639804181e+07
3.9974999428e-01 8749 3.7485044268e-25 5.8496781369e-06 1.0208847283e-03 5.6901560670e-03 6.3036591130e-04 4.6191743035e-04 4.3654540957e+03 3.5571000493e+03 1.0714524956e+04 4.2569282227e+03 1.3639803433e+07
4.0299999714e-01 8749 3.8243369462e-25 5.8401722835e-06 1.0226403058e-03 5.6904432993e-03 6.2906823408e-04 4.6075409675e-04 4.3617595830e+03 3.5572948923e+03 1.0709112604e+04 4.2542197266e+03 1.3639802704e+07
4.0625000000e-01 8749 3.7513113682e-25 5.8308033738e-06 1.0243762439e-03 5.6907336537e-03 6.2777164520e-04 4.5961096611e-04 4.3581185115e+03 3.5574875190e+03 1.0703761819e+04 4.2515429688e+03 1.3639801993e+07
4.0949997306e-01 8749 3.9694581611e-25 5.8215676207e-06 1.0260929718e-03 5.6910269331e-03 6.2647638110e-04 4.5848745586e-04 4.3545295557e+03 3.5576779823e+03 1.0698471127e+04 4.2488969727e+03 1.3639801301e+07
4.1274997592e-01 8749 4.2778114669e-25 5.8124611330e-06 1.0277909500e-03 5.6913229567e-03 6.2518263233e-04 4.5738297465e-04 4.3509913369e+03 3.5578663385e+03 1.0693238965e+04 4.2462802734e+03 1.3639800625e+07
4.1599997878e-01 8749 4.6506149922e-25 5.8034804143e-06 1.0294705776e-03 5.6916215432e-03 6.2389061514e-04 4.5629698266e-04 4.3475026170e+03 3.5580526368e+03 1.0688063970e+04 4.2436933594e+03 1.3639799967e+07
4.1924998164e-01 8749 5.0537074520e-25 5.7946220197e-06 1.0311322556e-03 5.6919225216e-03 6.2260052425e-04 4.5522894969e-04 4.3440621663e+03 3.5582369260e+03 1.0682944780e+04 4.2411333008e+03 1.3639799324e+07
4.2249995470e-01 8749 5.2441714016e-25 5.7858827097e-06 1.0327763566e-03 5.6922257251e-03 6.2131255736e-04 4.5417837411e-04 4.3406688251e+03 3.5584192519e+03 1.0677880130e+04 4.2386020508e+03 1.3639798697e+07
4.2574995756e-01 8749 5.7008071755e-25 5.7772591296e-06 1.0344032857e-03 5.6925310022e-03 6.2002686784e-04 4.5314474391e-04 4.3373213795e+03 3.5585996633e+03 1.0672868660e+04 4.2360986328e+03 1.3639798084e+07
4.2899999022e-01 8749 5.9542062333e-25 5.7687482038e-06 1.0360134050e-03 5.6928382022e-03 6.1874362453e-04 4.5212758410e-04 4.3340187151e+03 3.5587782041e+03 1.0667909150e+04 4.2336210938e+03 1.3639797487e+07
4.3224999309e-01 8749 6.1100619762e-25 5.7603471200e-06 1.0376070362e-03 5.6931471750e-03 6.1746301160e-04 4.5112645446e-04 4.3307598117e+03 3.5589549136e+03 1.0663000512e+04 4.2311694336e+03 1.3639796902e+07
4.3549999595e-01 8749 6.1922210481e-25 5.7520529381e-06 1.0391845340e-03 5.6934577851e-03 6.1618517026e-04 4.5014090299e-04 4.3275435926e+03 3.5591298344e+03 1.0658141559e+04 4.2287431641e+03 1.3639796332e+07
4.3874999881e-01 8749 6.2676376023e-25 5.7438628980e-06 1.0407462276e-03 5.6937698995e-03 6.1491024622e-04 4.4917050242e-04 4.3243690443e+03 3.5593030061e+03 1.0653331193e+04 4.2263417969e+03 1.3639795774e+07
4.4200000167e-01 8749 6.5820194150e-25 5.7357743368e-06 1.0422924357e-03 5.6940833910e-03 6.1363837819e-04 4.4821484002e-04 4.3212351848e+03 3.5594744671e+03 1.0648568349e+04 4.2239648438e+03 1.3639795229e+07
4.4524997473e-01 8749 6.5780537320e-25 5.7277847563e-06 1.0438234536e-03 5.6943981347e-03 6.1236970953e-04 4.4727352594e-04 4.3181410904e+03 3.5596442527e+03 1.0643852041e+04 4.2216113281e+03 1.3639794695e+07
4.4849997759e-01 8749 6.7008316578e-25 5.7198915284e-06 1.0453396087e-03 5.6947140192e-03 6.1110434236e-04 4.4634615804e-04 4.3150857824e+03 3.5598124020e+03 1.0639181188e+04 4.2192812500e+03 1.3639794174e+07
4.5174998045e-01 8749 6.6590914189e-25 5.7120923293e-06 1.0468411775e-03 5.6950309295e-03 6.0984240749e-04 4.4543237311e-04 4.3120683949e+03 3.5599789479e+03 1.0634554873e+04 4.2169736328e+03 1.3639793664e+07
4.5499998331e-01 8749 6.4563766145e-25 5.7043848427e-06 1.0483284417e-03 5.6953487579e-03 6.0858401805e-04 4.4453181167e-04 4.3090880612e+03 3.5601439241e+03 1.0629972162e+04 4.2146884766e+03 1.3639793164e+07
4.5824998617e-01 8749 6.2175947592e-25 5.6967668301e-06 1.0498016747e-03 5.6956674012e-03 6.0732928148e-04 4.4364412629e-04 4.3061439404e+03 3.5603073630e+03 1.0625432154e+04 4.2124252930e+03 1.3639792676e+07
4.6149995923e-01 8749 6.0092880189e-25 5.6892361957e-06 1.0512611285e-03 5.6959867573e-03 6.0607831114e-04 4.4276898903e-04 4.3032352439e+03 3.5604692946e+03 1.0620934016e+04 4.2101835938e+03 1.3639792198e+07
4.6474996209e-01 8749 5.6285547476e-25 5.6817907092e-06 1.0527070874e-03 5.6963067375e-03 6.0483118075e-04 4.4190605907e-04 4.3003611273e+03 3.5606297522e+03 1.0616476821e+04 4.2079624023e+03 1.3639791729e+07
4.6799999475e-01 8749 5.3990194355e-25 5.6744283485e-06 1.0541398009e-03 5.6966272505e-03 6.0358798204e-04 4.4105502251e-04 4.2975208245e+03 3.5607887655e+03 1.0612059749e+04 4.2057622070e+03 1.3639791270e+07
4.7124999762e-01 8749 5.0113609659e-25 5.6671472899e-06 1.0555594861e-03 5.6969482033e-03 6.0234882434e-04 4.4021559093e-04 4.2947136426e+03 3.5609463600e+03 1.0607682086e+04 4.2035820312e+03 1.3639790821e+07
4.7450000048e-01 8749 4.8179904256e-25 5.6599455695e-06 1.0569663920e-03 5.6972695152e-03 6.0111377845e-04 4.3938746238e-04 4.2919388326e+03 3.5611025650e+03 1.0603343021e+04 4.2014218750e+03 1.3639790381e+07
4.7775000334e-01 8749 4.5845297567e-25 5.6528213529e-06 1.0583607481e-03 5.6975911060e-03 5.9988292180e-04 4.3857035213e-04 4.2891956930e+03 3.5612574075e+03 1.0599041806e+04 4.1992812500e+03 1.3639789949e+07
4.8099997640e-01 8749 4.2537963331e-25 5.6457729265e-06 1.0597427648e-03 5.6979128957e-03 5.9865633889e-04 4.3776399194e-04 4.2864835674e+03 3.5614109120e+03 1.0594777754e+04 4.1971586914e+03 1.3639789526e+07
4.8424997926e-01 8749 4.0329560499e-25 5.6387984413e-06 1.0611126842e-03 5.6982348168e-03 5.9743407638e-04 4.3696810032e-04 4.2838017447e+03 3.5615631069e+03 1.0590550083e+04 4.1950556641e+03 1.3639789112e+07
4.8749998212e-01 8749 3.9617256176e-25 5.6318962938e-06 1.0624707047e-03 5.6985567955e-03 5.9621621062e-04 4.3618242630e-04 4.2811496075e+03 3.5617140152e+03 1.0586358150e+04 4.1929711914e+03 1.3639788705e+07
4.9074998498e-01 8749 3.7314547986e-25 5.6250648692e-06 1.0638170313e-03 5.6988787643e-03 5.9500280286e-04 4.3540671960e-04 4.2785265319e+03 3.5618636609e+03 1.0582201290e+04 4.1909033203e+03 1.3639788306e+07
4.9399998784e-01 8749 3.3292360262e-25 5.6183026012e-06 1.0651518639e-03 5.6992006582e-03 5.9379391086e-04 4.3464073780e-04 4.2759319114e+03 3.5620120671e+03 1.0578078859e+04 4.1888544922e+03 1.3639787915e+07
4.9724996090e-01 8749 3.1363279691e-25 5.6116080321e-06 1.0664753847e-03 5.6995224121e-03 5.9258959975e-04 4.3388425282e-04 4.2733651803e+03 3.5621592551e+03 1.0573990269e+04 4.1868222656e+03 1.3639787531e+07
5.0049996376e-01 8749 2.9095495602e-25 5.6049795670e-06 1.0677878073e-03 5.6998439725e-03 5.9138989820e-04 4.3313702326e-04 4.2708257192e+03 3.5623052495e+03 1.0569934834e+04 4.1848071289e+03 1.3639787154e+07
5.0374996662e-01 8749 2.7481228565e-25 5.5984158403e-06 1.0690893036e-03 5.7001652794e-03 5.9019486474e-04 4.3239883538e-04 4.2683129952e+03 3.5624500702e+03 1.0565912003e+04 4.1828095703e+03 1.3639786784e+07
5.0699996948e-01 8749 2.3858067441e-25 5.5919154661e-06 1.0703800535e-03 5.7004862781e-03 5.8900454381e-04 4.3166947533e-04 4.2658264674e+03 3.5625937380e+03 1.0561921198e+04 4.1808276367e+03 1.3639786421e+07
5.1024997234e-01 8749 2.2942364173e-25 5.5854771009e-06 1.0716602315e-03 5.7008069166e-03 5.8781897682e-04 4.3094873567e-04 4.2633656096e+03 3.5627362729e+03 1.0557961862e+04 4.1788618164e+03 1.3639786065e+07
5.1349997520e-01 8749 2.2525849720e-25 5.5790994400e-06 1.0729300084e-03 5.7011271447e-03 5.8663820229e-04 4.3023641530e-04 4.2609299101e+03 3.5628776945e+03 1.0554033450e+04 4.1769121094e+03 1.3639785715e+07
5.1674997807e-01 8749 2.2828721375e-25 5.5727812173e-06 1.0741895502e-03 5.7014469146e-03 5.8546225594e-04 4.2953231914e-04 4.2585188713e+03 3.5630180219e+03 1.0550135433e+04 4.1749780273e+03 1.3639785371e+07
5.1999998093e-01 8749 2.2884404543e-25 5.5665212032e-06 1.0754390188e-03 5.7017661805e-03 5.8429117094e-04 4.2883625798e-04 4.2561320094e+03 3.5631572737e+03 1.0546267294e+04 4.1730595703e+03 1.3639785033e+07
5.2324998379e-01 8749 2.3769746289e-25 5.5603182039e-06 1.0766785724e-03 5.7020848986e-03 5.8312497780e-04 4.2814804815e-04 4.2537688532e+03 3.5632954679e+03 1.0542428534e+04 4.1711552734e+03 1.3639784701e+07
5.2649998665e-01 8749 2.4282641967e-25 5.5541710601e-06 1.0779083650e-03 5.7024030270e-03 5.8196370467e-04 4.2746751155e-04 4.2514289445e+03 3.5634326221e+03 1.0538618663e+04 4.1692670898e+03 1.3639784375e+07
5.2974998951e-01 8749 2.6032056459e-25 5.5480786452e-06 1.0791285469e-03 5.7027205257e-03 5.8080737735e-04 4.2679447520e-04 4.2491118369e+03 3.5635687534e+03 1.0534837206e+04 4.1673925781e+03 1.3639784055e+07
5.3299999237e-01 8749 2.7707922109e-25 5.5420398648e-06 1.0803392649e-03 5.7030373564e-03 5.7965601933e-04 4.2612877132e-04 4.2468170966e+03 3.5637038785e+03 1.0531083700e+04 4.1655332031e+03 1.3639783740e+07
5.3624999523e-01 8749 3.0929961227e-25 5.5360536548e-06 1.0815406620e-03 5.7033534826e-03 5.7850965202e-04 4.2547023688e-04 4.2445443006e+03 3.5638380136e+03 1.0527357694e+04 4.1636870117e+03 1.3639783430e+07
5.3949999809e-01 8749 3.2278932736e-25 5.5301189814e-06 1.0827328782e-03 5.7036688694e-03 5.7736829466e-04 4.2481871372e-04 4.2422930373e+03 3.5639711745e+03 1.0523658747e+04 4.1618549805e+03 1.3639783125e+07
5.4274994135e-01 8749 3.4738521207e-25 5.5242349470e-06 1.0839160282e-03 5.7039834778e-03 5.7623198522e-04 4.2417405982e-04 4.2400629464e+03 3.5641033743e+03 1.0519986498e+04 4.1600366211e+03 1.3639782826e+07
5.4599994421e-01 8749 3.7672144565e-25 5.5184003593e-06 1.0850902887e-03 5.7042972873e-03 5.7510069755e-04 4.2353610246e-04 4.2378535558e+03 3.5642346329e+03 1.0516340395e+04 4.1582324219e+03 1.3639782531e+07
5.4925000668e-01 8749 4.1359979881e-25 5.5126142706e-06 1.0862557894e-03 5.7046102678e-03 5.7397444543e-04 4.2290469699e-04 4.2356644866e+03 3.5643649649e+03 1.0512720032e+04 4.1564404297e+03 1.3639782241e+07
5.5250000954e-01 8749 4.3940374553e-25 5.5068759681e-06 1.0874126148e-03 5.7049223788e-03 5.7285328181e-04 4.2227972563e-04 4.2334954479e+03 3.5644943798e+03 1.0509125143e+04 4.1546625977e+03 1.3639781956e+07
5.5575001240e-01 8749 4.8074330670e-25 5.5011844469e-06 1.0885609106e-03 5.7052335986e-03 5.7173719612e-04 4.2166103989e-04 4.2313460383e+03 3.5646228939e+03 1.0505555276e+04 4.1528969727e+03 1.3639781675e+07
5.5900001526e-01 8749 5.0046376569e-25 5.4955388316e-06 1.0897007983e-03 5.7055439009e-03 5.7062619679e-04 4.2104850678e-04 4.2292159060e+03 3.5647505209e+03 1.0502010051e+04 4.1511445312e+03 1.3639781399e+07
5.6224995852e-01 8749 5.3603596154e-25 5.4899383731e-06 1.0908323761e-03 5.7058532552e-03 5.6952031086e-04 4.2044200799e-04 4.2271047461e+03 3.5648772718e+03 1.0498489163e+04 4.1494042969e+03 1.3639781127e+07
5.6549996138e-01 8749 5.6789221806e-25 5.4843820382e-06 1.0919558015e-03 5.7061616489e-03 5.6841950332e-04 4.1984139574e-04 4.2250121473e+03 3.5650031641e+03 1.0494992125e+04 4.1476757812e+03 1.3639780860e+07
5.6874996424e-01 8749 5.9056763828e-25 5.4788691232e-06 1.0930711672e-03 5.7064690540e-03 5.6732379839e-04 4.1924655895e-04 4.2229378220e+03 3.5651282081e+03 1.0491518648e+04 4.1459604492e+03 1.3639780596e+07
5.7199996710e-01 8749 6.0661641076e-25 5.4733988428e-06 1.0941785844e-03 5.7067754488e-03 5.6623319857e-04 4.1865737881e-04 4.2208814522e+03 3.5652524164e+03 1.0488068390e+04 4.1442558594e+03 1.3639780337e+07
5.7524996996e-01 8749 6.3089321453e-25 5.4679704326e-06 1.0952781616e-03 5.7070808132e-03 5.6514770511e-04 4.1807373977e-04 4.2188427276e+03 3.5653758008e+03 1.0484641015e+04 4.1425644531e+03 1.3639780081e+07
5.7849997282e-01 8749 6.4174081208e-25 5.4625831480e-06 1.0963700052e-03 5.7073851278e-03 5.6406731810e-04 4.1749552945e-04 4.2168213459e+03 3.5654983733e+03 1.0481236196e+04 4.1408837891e+03 1.3639779830e+07
5.8174997568e-01 8749 6.5633692918e-25 5.4572362635e-06 1.0974542191e-03 5.7076883743e-03 5.6299203621e-04 4.1692263853e-04 4.2148170118e+03 3.5656201452e+03 1.0477853612e+04 4.1392143555e+03 1.3639779582e+07
5.8499997854e-01 8749 6.5936076996e-25 5.4519290735e-06 1.0985309052e-03 5.7079905354e-03 5.6192185706e-04 4.1635496062e-04 4.2128294373e+03 3.5657411280e+03 1.0474492952e+04 4.1375566406e+03 1.3639779338e+07
5.8824998140e-01 8749 6.7284386948e-25 5.4466608893e-06 1.0996001633e-03 5.7082915948e-03 5.6085677720e-04 4.1579239225e-04 4.2108583412e+03 3.5658613325e+03 1.0471153909e+04 4.1359101562e+03 1.3639779097e+07
5.9149998426e-01 8749 6.6071047718e-25 5.4414310405e-06 1.1006620908e-03 5.7085915369e-03 5.5979679199e-04 4.1523483270e-04 4.2089034493e+03 3.5659807695e+03 1.0467836185e+04 4.1342744141e+03 1.3639778860e+07
5.9474998713e-01 8749 6.5098810159e-25 5.4362388734e-06 1.1017167835e-03 5.7088903472e-03 5.5874189595e-04 4.1468218396e-04 4.2069644938e+03 3.5660994496e+03 1.0464539489e+04 4.1326494141e+03 1.3639778627e+07
5.9799998999e-01 8749 6.3685435711e-25 5.4310837511e-06 1.1027643347e-03 5.7091880119e-03 5.5769208241e-04 4.1413435065e-04 4.2050412134e+03 3.5662173829e+03 1.0461263535e+04 4.1310356445e+03 1.3639778397e+07
6.0124999285e-01 8749 6.1799508033e-25 5.4259650529e-06 1.1038048364e-03 5.7094845181e-03 5.5664734388e-04 4.1359123983e-04 4.2031333527e+03 3.5663345796e+03 1.0458008043e+04 4.1294316406e+03 1.3639778170e+07
6.0449999571e-01 8749 5.9525594818e-25 5.4208821731e-06 1.1048383783e-03 5.7097798535e-03 5.5560767201e-04 4.1305276113e-04 4.2012406625e+03 3.5664510495e+03 1.0454772741e+04 4.1278378906e+03 1.3639777947e+07
6.0774999857e-01 8749 5.6336777330e-25 5.4158345213e-06 1.1058650484e-03 5.7100740068e-03 5.5457305750e-04 4.1251882643e-04 4.1993628993e+03 3.5665668021e+03 1.0451557362e+04 4.1262553711e+03 1.3639777726e+07
6.1100000143e-01 8749 5.2977564694e-25 5.4108215221e-06 1.1068849330e-03 5.7103669672e-03 5.5354349023e-04 4.1198935002e-04 4.1974998254e+03 3.5666818470e+03 1.0448361645e+04 4.1246821289e+03 1.3639777509e+07
6.1424994469e-01 8749 4.9090724071e-25 5.4058427046e-06 1.1078980983e-03 5.7106587195e-03 5.5251897817e-04 4.1146425795e-04 4.1956512421e+03 3.5667961911e+03 1.0445185392e+04 4.1231196289e+03 1.3639777295e+07
6.1749994755e-01 8749 4.5683474969e-25 5.4008973394e-06 1.1089046641e-03 5.7109492649e-03 5.5149947206e-04 4.1094344960e-04 4.1938168549e+03 3.5669098478e+03 1.0442028236e+04 4.1215668945e+03 1.3639777083e+07
6.2074995041e-01 8749 4.1383292107e-25 5.3959849833e-06 1.1099046932e-03 5.7112385893e-03 5.5048497843e-04 4.1042685539e-04 4.1919964758e+03 3.5670228236e+03 1.0438889991e+04 4.1200229492e+03 1.3639776875e+07
6.2399995327e-01 8749 3.7523796607e-25 5.3911051152e-06 1.1108982653e-03 5.7115266848e-03 5.4947548428e-04 4.0991439806e-04 4.1901898881e+03 3.5671351273e+03 1.0435770417e+04 4.1184897461e+03 1.3639776669e+07
6.2724995613e-01 8749 3.2128202685e-25 5.3862572262e-06 1.1118854586e-03 5.7118135438e-03 5.4847097598e-04 4.0940600238e-04 4.1883968800e+03 3.5672467673e+03 1.0432669280e+04 4.1169653320e+03 1.3639776466e+07
6.3050001860e-01 8749 2.7943800386e-25 5.3814407321e-06 1.1128663675e-03 5.7120991648e-03 5.4747142101e-04 4.0890158580e-04 4.1866172118e+03 3.5673577539e+03 1.0429586293e+04 4.1154506836e+03 1.3639776266e+07
6.3375002146e-01 8749 2.4416760227e-25 5.3766553242e-06 1.1138410317e-03 5.7123835307e-03 5.4647684108e-04 4.0840109527e-04 4.1848507462e+03 3.5674680911e+03 1.0426521344e+04 4.1139453125e+03 1.3639776069e+07
6.3699996471e-01 8749 2.0700195807e-25 5.3719005279e-06 1.1148095250e-03 5.7126666360e-03 5.4548722041e-04 4.0790446089e-04 4.1830972846e+03 3.5675777869e+03 1.0423474212e+04 4.1124487305e+03 1.3639775874e+07
6.4024996758e-01 8749 1.7257532624e-25 5.3671757076e-06 1.1157719555e-03 5.7129484856e-03 5.4450250691e-04 4.0741159659e-04 4.1813565690e+03 3.5676868531e+03 1.0420444568e+04 4.1109614258e+03 1.3639775682e+07
6.4349997044e-01 8749 1.3529439043e-25 5.3624804989e-06 1.1167283764e-03 5.7132290696e-03 5.4352270218e-04 4.0692244524e-04 4.1796284424e+03 3.5677952954e+03 1.0417432257e+04 4.1094829102e+03 1.3639775492e+07
6.4674997330e-01 8749 1.0923634012e-25 5.3578144618e-06 1.1176788576e-03 5.7135083836e-03 5.4254778928e-04 4.0643694221e-04 4.1779127195e+03 3.5679031211e+03 1.0414437072e+04 4.1080136719e+03 1.3639775305e+07
6.4999997616e-01 8749 7.7161102619e-26 5.3531771661e-06 1.1186234675e-03 5.7137864238e-03 5.4157775073e-04 4.0595502453e-04 4.1762092189e+03 3.5680103377e+03 1.0411458810e+04 4.1065522461e+03 1.3639775120e+07
6.5324997902e-01 8749 5.9003805416e-26 5.3485681923e-06 1.1195622734e-03 5.7140631868e-03 5.4061256864e-04 4.0547663078e-04 4.1745177635e+03 3.5681169522e+03 1.0408497270e+04 4.1051000977e+03 1.3639774938e+07
6.5649998188e-01 8749 4.5204492730e-26 5.3439871290e-06 1.1204953414e-03 5.7143386695e-03 5.3965222483e-04 4.0500170099e-04 4.1728381797e+03 3.5682229717e+03 1.0405552257e+04 4.1036562500e+03 1.3639774758e+07
6.5974998474e-01 8749 3.8126913660e-26 5.3394335757e-06 1.1214227363e-03 5.7146128693e-03 5.3869670054e-04 4.0453017669e-04 4.1711702978e+03 3.5683284032e+03 1.0402623581e+04 4.1022211914e+03 1.3639774580e+07
6.6299998760e-01 8749 1.7003041057e-26 5.3349071399e-06 1.1223445219e-03 5.7148857840e-03 5.3774597671e-04 4.0406200086e-04 4.1695139516e+03 3.5684332533e+03 1.0399711051e+04 4.1007939453e+03 1.3639774404e+07
6.6624993086e-01 8749 4.5746035284e-27 5.3304075212e-06 1.1232607440e-03 5.7151574069e-03 5.3680005115e-04 4.0359712627e-04 4.1678690081e+03 3.5685375269e+03 1.0396814539e+04 4.0993750000e+03 1.3639774231e+07
6.6949993372e-01 8749 -2.2172343324e-27 5.3259341806e-06 1.1241714978e-03 5.7154277464e-03 5.3585886956e-04 4.0313548161e-04 4.1662352482e+03 3.5686412342e+03 1.0393933755e+04 4.0979643555e+03 1.3639774060e+07
6.7274993658e-01 8749 -2.0857830550e-26 5.3214868347e-06 1.1250768267e-03 5.7156967965e-03 5.3492242918e-04 4.0267702239e-04 4.1646125461e+03 3.5687443797e+03 1.0391068577e+04 4.0965620117e+03 1.3639773891e+07
6.7599993944e-01 8749 -3.1134763886e-26 5.3170651256e-06 1.1259767902e-03 5.7159645562e-03 5.3399070963e-04 4.0222169685e-04 4.1630007489e+03 3.5688469698e+03 1.0388218830e+04 4.0951667480e+03 1.3639773724e+07
6.7924994230e-01 8749 -2.8927950457e-26 5.3126687035e-06 1.1268714466e-03 5.7162310253e-03 5.3306369030e-04 4.0176945446e-04 4.1613997073e+03 3.5689490104e+03 1.0385384344e+04 4.0937797852e+03 1.3639773559e+07
6.8249994516e-01 8749 -1.7332125002e-26 5.3082972267e-06 1.1277608534e-03 5.7164962035e-03 5.3214135026e-04 4.0132024589e-04 4.1598092747e+03 3.5690505077e+03 1.0382564950e+04 4.0924006348e+03 1.3639773396e+07
6.8574994802e-01 8749 -3.4051729142e-27 5.3039503605e-06 1.1286450668e-03 5.7167600910e-03 5.3122366832e-04 4.0087402296e-04 4.1582293076e+03 3.5691514676e+03 1.0379760483e+04 4.0910290527e+03 1.3639773235e+07
6.8899995089e-01 8749 1.4250944571e-26 5.2996277780e-06 1.1295241424e-03 5.7170226882e-03 5.3031062310e-04 4.0043073867e-04 4.1566596655e+03 3.5692518960e+03 1.0376970784e+04 4.0896650391e+03 1.3639773076e+07
6.9225001335e-01 8749 3.1429103006e-26 5.2953290808e-06 1.1303981507e-03 5.7172840006e-03 5.2940217638e-04 3.9999033901e-04 4.1551001822e+03 3.5693518002e+03 1.0374195641e+04 4.0883088379e+03 1.3639772918e+07
6.9550001621e-01 8749 4.8787800352e-26 5.2910541126e-06 1.1312671131e-03 5.7175440196e-03 5.2849833961e-04 3.9955279524e-04 4.1535507797e+03 3.5694511824e+03 1.0371435002e+04 4.0869599609e+03 1.3639772763e+07
6.9875001907e-01 8749 6.9772957865e-26 5.2868024889e-06 1.1321310986e-03 5.7178027513e-03 5.2759907409e-04 3.9911805545e-04 4.1520112973e+03 3.5695500498e+03 1.0368688661e+04 4.0856181641e+03 1.3639772610e+07
7.0200002193e-01 8749 1.0456711475e-25 5.2825739095e-06 1.1329901590e-03 5.7180601971e-03 5.2670435762e-04 3.9868607681e-04 4.1504816052e+03 3.5696484078e+03 1.0365956470e+04 4.0842834473e+03 1.3639772458e+07
7.0525002480e-01 8749 1.3426064338e-25 5.2783680816e-06 1.1338443453e-03 5.7183163587e-03 5.2581416782e-04 3.9825681746e-04 4.1489615764e+03 3.5697462619e+03 1.0363238280e+04 4.0829567871e+03 1.3639772308e+07
7.0849996805e-01 8749 1.5648936157e-25 5.2741847943e-06 1.1346936922e-03 5.7185712334e-03 5.2492849838e-04 3.9783024431e-04 4.1474511140e+03 3.5698436153e+03 1.0360533995e+04 4.0816372070e+03 1.3639772160e+07
7.1174997091e-01 8749 1.8639071764e-25 5.2700236134e-06 1.1355382802e-03 5.7188248327e-03 5.2404729423e-04 3.9740630182e-04 4.1459500404e+03 3.5699404768e+03 1.0357843374e+04 4.0803239746e+03 1.3639772013e+07
7.1499997377e-01 8749 2.1583106457e-25 5.2658843407e-06 1.1363781422e-03 5.7190771542e-03 5.2317054882e-04 3.9698495874e-04 4.1444582638e+03 3.5700368496e+03 1.0355166327e+04 4.0790178223e+03 1.3639771868e+07
7.1824997663e-01 8749 2.3923966893e-25 5.2617667067e-06 1.1372133262e-03 5.7193282005e-03 5.2229823929e-04 3.9656617692e-04 4.1429756666e+03 3.5701327388e+03 1.0352502716e+04 4.0777187500e+03 1.3639771725e+07
7.2149997950e-01 8749 2.6106613096e-25 5.2576704479e-06 1.1380438792e-03 5.7195779744e-03 5.2143034258e-04 3.9614991901e-04 4.1415021337e+03 3.5702281492e+03 1.0349852406e+04 4.0764265137e+03 1.3639771584e+07
7.2474998236e-01 8749 2.8438612696e-25 5.2535953057e-06 1.1388698474e-03 5.7198264787e-03 5.2056683560e-04 3.9573614855e-04 4.1400375520e+03 3.5703230854e+03 1.0347215264e+04 4.0751411133e+03 1.3639771444e+07
7.2799998522e-01 8749 3.0396874383e-25 5.2495410273e-06 1.1396912767e-03 5.7200737165e-03 5.1970769515e-04 3.9532482987e-04 4.1385818109e+03 3.5704175524e+03 1.0344591159e+04 4.0738620605e+03 1.3639771305e+07
7.3124998808e-01 8749 3.2280225593e-25 5.2455073652e-06 1.1405082117e-03 5.7203196911e-03 5.1885289801e-04 3.9491592806e-04 4.1371348015e+03 3.5705115547e+03 1.0341979963e+04 4.0725900879e+03 1.3639771169e+07
7.3449999094e-01 8749 3.4289758551e-25 5.2414940761e-06 1.1413206969e-03 5.7205644059e-03 5.1800242077e-04 3.9450940904e-04 4.1356964172e+03 3.5706050968e+03 1.0339381549e+04 4.0713244629e+03 1.3639771033e+07
7.3774999380e-01 8749 3.4678228825e-25 5.2375009229e-06 1.1421287756e-03 5.7208078645e-03 5.1715624006e-04 3.9410523942e-04 4.1342665533e+03 3.5706981831e+03 1.0336795794e+04 4.0700651855e+03 1.3639770900e+07
7.4099993706e-01 8749 3.6152590778e-25 5.2335277445e-06 1.1429324761e-03 5.7210500661e-03 5.1631434773e-04 3.9370339389e-04 4.1328451331e+03 3.5707908166e+03 1.0334222621e+04 4.0688129883e+03 1.3639770767e+07
7.4424993992e-01 8749 3.7571167925e-25 5.2295741677e-06 1.1437318701e-03 5.7212910236e-03 5.1547668956e-04 3.9330382582e-04 4.1314320037e+03 3.5708830048e+03 1.0331661816e+04 4.0675664062e+03 1.3639770636e+07
7.4749994278e-01 8749 3.7500229972e-25 5.2256400411e-06 1.1445269844e-03 5.7215307363e-03 5.1464325739e-04 3.9290651134e-04 4.1300270921e+03 3.5709747502e+03 1.0329113308e+04 4.0663264160e+03 1.3639770507e+07
7.5074994564e-01 8749 3.7196315171e-25 5.2217251457e-06 1.1453178600e-03 5.7217692084e-03 5.1381402767e-04 3.9251141987e-04 4.1286303013e+03 3.5710660572e+03 1.0326576982e+04 4.0650925293e+03 1.3639770379e+07
7.5399994850e-01 8749 3.8272506858e-25 5.2178292667e-06 1.1461045372e-03 5.7220064442e-03 5.1298897680e-04 3.9211852150e-04 4.1272415359e+03 3.5711569298e+03 1.0324052721e+04 4.0638652344e+03 1.3639770252e+07
7.5724995136e-01 8749 3.7108763576e-25 5.2139521931e-06 1.1468870558e-03 5.7222424479e-03 5.1216808117e-04 3.9172778696e-04 4.1258607024e+03 3.5712473721e+03 1.0321540414e+04 4.0626435547e+03 1.3639770127e+07
7.6049995422e-01 8749 3.6421786926e-25 5.2100937179e-06 1.1476654551e-03 5.7224772241e-03 5.1135131722e-04 3.9133918757e-04 4.1244877086e+03 3.5713373880e+03 1.0319039950e+04 4.0614282227e+03 1.3639770003e+07
7.6374995708e-01 8749 3.5692962198e-25 5.2062536387e-06 1.1484397735e-03 5.7227107772e-03 5.1053866128e-04 3.9095269531e-04 4.1231224644e+03 3.5714269816e+03 1.0316551219e+04 4.0602180176e+03 1.3639769880e+07
7.6699995995e-01 8749 3.4424119669e-25 5.2024317566e-06 1.1492100493e-03 5.7229431120e-03 5.0973008976e-04 3.9056828269e-04 4.1217648809e+03 3.5715161566e+03 1.0314074114e+04 4.0590153809e+03 1.3639769759e+07
7.7024996281e-01 8749 3.3874846578e-25 5.1986278770e-06 1.1499763198e-03 5.7231742332e-03 5.0892557903e-04 3.9018592283e-04 4.1204148712e+03 3.5716049169e+03 1.0311608530e+04 4.0578173828e+03 1.3639769639e+07
7.7350002527e-01 8749 3.1801064762e-25 5.1948417396e-06 1.1507386360e-03 5.7234041498e-03 5.0812509093e-04 3.8980558246e-04 4.1190723251e+03 3.5716932678e+03 1.0309154316e+04 4.0566259766e+03 1.3639769520e+07
7.7675002813e-01 8749 3.0322676720e-25 5.1910732950e-06 1.1514970064e-03 5.7236328583e-03 5.0732863116e-04 3.8942724970e-04 4.1177372078e+03 3.5717812098e+03 1.0306711461e+04 4.0554406738e+03 1.3639769402e+07
7.8000003099e-01 8749 2.9244545893e-25 5.1873222899e-06 1.1522514810e-03 5.7238603679e-03 5.0653616152e-04 3.8905089233e-04 4.1164094118e+03 3.5718687482e+03 1.0304279818e+04 4.0542604980e+03 1.3639769286e+07
7.8324997425e-01 8749 2.8241975252e-25 5.1835886114e-06 1.1530020814e-03 5.7240866796e-03 5.0574767287e-04 3.8867649245e-04 4.1150888803e+03 3.5719558850e+03 1.0301859332e+04 4.0530854492e+03 1.3639769171e+07
7.8649997711e-01 8749 2.6025973756e-25 5.1798719459e-06 1.1537488701e-03 5.7243118068e-03 5.0496311286e-04 3.8830401212e-04 4.1137754851e+03 3.5720426268e+03 1.0299449816e+04 4.0519172363e+03 1.3639769056e+07
7.8974997997e-01 8749 2.4339231645e-25 5.1761721880e-06 1.1544918677e-03 5.7245357505e-03 5.0418247261e-04 3.8793343448e-04 4.1124691720e+03 3.5721289755e+03 1.0297051219e+04 4.0507534180e+03 1.3639768944e+07
7.9299998283e-01 8749 2.1776841732e-25 5.1724891672e-06 1.1552311082e-03 5.7247585161e-03 5.0340572864e-04 3.8756473626e-04 4.1111698641e+03 3.5722149347e+03 1.0294663444e+04 4.0495961914e+03 1.3639768832e+07
7.9624998569e-01 8749 1.9737012085e-25 5.1688227155e-06 1.1559666251e-03 5.7249801089e-03 5.0263285764e-04 3.8719789466e-04 4.1098774855e+03 3.5723005076e+03 1.0292286399e+04 4.0484440918e+03 1.3639768721e+07
7.9949998856e-01 8749 1.8391288413e-25 5.1651726685e-06 1.1566984514e-03 5.7252005342e-03 5.0186383629e-04 3.8683288736e-04 4.1085919618e+03 3.5723856975e+03 1.0289919991e+04 4.0472971191e+03 1.3639768612e+07
8.0274999142e-01 8749 1.6741371973e-25 5.1615388645e-06 1.1574266198e-03 5.7254197976e-03 5.0109864142e-04 3.8646969246e-04 4.1073132199e+03 3.5724705078e+03 1.0287564129e+04 4.0461557617e+03 1.3639768503e+07
8.0599999428e-01 8749 1.5460602279e-25 5.1579211450e-06 1.1581511623e-03 5.7256379044e-03 5.0033724984e-04 3.8610828853e-04 4.1060411877e+03 3.5725549417e+03 1.0285218723e+04 4.0450200195e+03 1.3639768396e+07
8.0924999714e-01 8749 1.4307375787e-25 5.1543193540e-06 1.1588721106e-03 5.7258548603e-03 4.9957963840e-04 3.8574865450e-04 4.1047757945e+03 3.5726390024e+03 1.0282883685e+04 4.0438894043e+03 1.3639768290e+07
8.1250000000e-01 8749 1.3143532009e-25 5.1507333387e-06 1.1595894961e-03 5.7260706708e-03 4.9882578407e-04 3.8539076977e-04 4.1035169707e+03 3.5727226929e+03 1.0280558927e+04 4.0427634277e+03 1.3639768185e+07
8.1574994326e-01 8749 1.1104854117e-25 5.1471630139e-06 1.1603033367e-03 5.7262853377e-03 4.9807567761e-04 3.8503462062e-04 4.1022646706e+03 3.5728060150e+03 1.0278244407e+04 4.0416433105e+03 1.3639768081e+07
8.1899994612e-01 8749 9.4828141656e-26 5.1436081010e-06 1.1610136888e-03 5.7264988744e-03 4.9732926863e-04 3.8468017418e-04 4.1010187811e+03 3.5728889746e+03 1.0275939954e+04 4.0405288086e+03 1.3639767978e+07
8.2224994898e-01 8749 8.8707971328e-26 5.1400685203e-06 1.1617205695e-03 5.7267112827e-03 4.9658654812e-04 3.8432741755e-04 4.0997792591e+03 3.5729715732e+03 1.0273645527e+04 4.0394177246e+03 1.3639767875e+07
8.2549995184e-01 8749 7.4345441564e-26 5.1365441294e-06 1.1624240084e-03 5.7269225684e-03 4.9584749327e-04 3.8397633167e-04 4.0985460391e+03 3.5730538139e+03 1.0271361045e+04 4.0383139648e+03 1.3639767774e+07
8.2874995470e-01 8749 6.5198631504e-26 5.1330347883e-06 1.1631240348e-03 5.7271327372e-03 4.9511208145e-04 3.8362689782e-04 4.0973190573e+03 3.5731356995e+03 1.0269086425e+04 4.0372133789e+03 1.3639767674e+07
8.3199995756e-01 8749 6.5486405912e-26 5.1295403589e-06 1.1638206777e-03 5.7273417948e-03 4.9438029010e-04 3.8327909768e-04 4.0960982506e+03 3.5732172329e+03 1.0266821589e+04 4.0361184082e+03 1.3639767575e+07
8.3524996042e-01 8749 5.5412930740e-26 5.1260607058e-06 1.1645139654e-03 5.7275497471e-03 4.9365209672e-04 3.8293291323e-04 4.0948835568e+03 3.5732984170e+03 1.0264566456e+04 4.0350288086e+03 1.3639767477e+07
8.3849996328e-01 8749 4.0681201366e-26 5.1225956961e-06 1.1652039263e-03 5.7277566000e-03 4.9292747889e-04 3.8258832679e-04 4.0936749150e+03 3.5733792545e+03 1.0262320948e+04 4.0339438477e+03 1.3639767379e+07
8.4174996614e-01 8749 3.8706498022e-26 5.1191451991e-06 1.1658905880e-03 5.7279623592e-03 4.9220641429e-04 3.8224532105e-04 4.0924722650e+03 3.5734597483e+03 1.0260084990e+04 4.0328637695e+03 1.3639767283e+07
8.4499990940e-01 8749 3.8962826811e-26 5.1157091486e-06 1.1665739656e-03 5.7281670269e-03 4.9148889383e-04 3.8190388524e-04 4.0912755694e+03 3.5735398997e+03 1.0257858546e+04 4.0317883301e+03 1.3639767187e+07
8.4824991226e-01 8749 3.3438717517e-26 5.1122872927e-06 1.1672541111e-03 5.7283706164e-03 4.9077486911e-04 3.8156399017e-04 4.0900847262e+03 3.5736197141e+03 1.0255641459e+04 4.0307180176e+03 1.3639767093e+07
8.5149991512e-01 8749 2.2673146734e-26 5.1088795698e-06 1.1679310388e-03 5.7285731300e-03 4.9006433129e-04 3.8122562569e-04 4.0888997001e+03 3.5736991929e+03 1.0253433696e+04 4.0296520996e+03 1.3639766999e+07
8.5474997759e-01 8749 1.3110407836e-26 5.1054857954e-06 1.1686047874e-03 5.7287745772e-03 4.8935724551e-04 3.8088876962e-04 4.0877204131e+03 3.5737783401e+03 1.0251235144e+04 4.0285913086e+03 1.3639766906e+07
8.5799998045e-01 8749 5.2701078567e-27 5.1021059736e-06 1.1692753584e-03 5.7289749565e-03 4.8865361582e-04 3.8055341844e-04 4.0865468527e+03 3.5738571553e+03 1.0249045812e+04 4.0275346680e+03 1.3639766814e+07
8.6124998331e-01 8749 -1.0393434918e-26 5.0987399235e-06 1.1699427899e-03 5.7291742775e-03 4.8795340753e-04 3.8021955051e-04 4.0853789428e+03 3.5739356427e+03 1.0246865589e+04 4.0264829102e+03 1.3639766723e+07
8.6449998617e-01 8749 -2.5528056666e-26 5.0953875288e-06 1.1706071073e-03 5.7293725463e-03 4.8725659899e-04 3.7988715060e-04 4.0842166293e+03 3.5740138047e+03 1.0244694404e+04 4.0254355469e+03 1.3639766633e+07
8.6774998903e-01 8749 -2.3079363087e-26 5.0920486748e-06 1.1712683357e-03 5.7295697686e-03 4.8656316871e-04 3.7955620376e-04 4.0830598591e+03 3.5740916438e+03 1.0242532189e+04 4.0243930664e+03 1.3639766544e+07
8.7099999189e-01 8749 -1.8375125099e-26 5.0887232488e-06 1.1719265000e-03 5.7297659505e-03 4.8587309527e-04 3.7922669529e-04 4.0819085801e+03 3.5741691624e+03 1.0240378874e+04 4.0233552246e+03 1.3639766455e+07
8.7424999475e-01 8749 -1.9379670366e-26 5.0854111396e-06 1.1725816248e-03 5.7299610979e-03 4.8518635739e-04 3.7889861081e-04 4.0807627407e+03 3.5742463631e+03 1.0238234393e+04 4.0223215332e+03 1.3639766367e+07
8.7749999762e-01 8749 -2.5379202984e-26 5.0821122382e-06 1.1732337342e-03 5.7301552168e-03 4.8450293383e-04 3.7857193610e-04 4.0796222903e+03 3.5743232481e+03 1.0236098679e+04 4.0212924805e+03 1.3639766280e+07
8.8075000048e-01 8749 -3.9838223627e-26 5.0788264366e-06 1.1738828521e-03 5.7303483130e-03 4.8382280355e-04 3.7824665729e-04 4.0784871788e+03 3.5743998199e+03 1.0233971666e+04 4.0202683105e+03 1.3639766194e+07
8.8400000334e-01 8749 -4.0747222196e-26 5.0755536294e-06 1.1745290024e-03 5.7305403925e-03 4.8314594557e-04 3.7792276069e-04 4.0773573571e+03 3.5744760808e+03 1.0231853289e+04 4.0192473145e+03 1.3639766108e+07
8.8724994659e-01 8749 -4.2719993791e-26 5.0722937715e-06 1.1751721965e-03 5.7307314578e-03 4.8247235126e-04 3.7760023874e-04 4.0762327971e+03 3.5745520317e+03 1.0229743523e+04 4.0182314453e+03 1.3639766024e+07
8.9049994946e-01 8749 -4.9425985523e-26 5.0690466411e-06 1.1758124812e-03 5.7309215217e-03 4.8180197529e-04 3.7727906644e-04 4.0751134101e+03 3.5746276777e+03 1.0227642227e+04 4.0172202148e+03 1.3639765940e+07
8.9374995232e-01 8749 -6.1384967095e-26 5.0658121969e-06 1.1764498673e-03 5.7311105867e-03 4.8113480934e-04 3.7695923674e-04 4.0739991695e+03 3.5747030197e+03 1.0225549377e+04 4.0162128906e+03 1.3639765857e+07
8.9699995518e-01 8749 -5.8886100351e-26 5.0625903391e-06 1.1770843775e-03 5.7312986587e-03 4.8047083287e-04 3.7664073688e-04 4.0728900289e+03 3.5747780598e+03 1.0223464912e+04 4.0152099609e+03 1.3639765774e+07
9.0024995804e-01 8749 -6.5114679548e-26 5.0593809698e-06 1.1777160342e-03 5.7314857435e-03 4.7981002548e-04 3.7632355433e-04 4.0717859425e+03 3.5748528002e+03 1.0221388771e+04 4.0142106934e+03 1.3639765692e+07
9.0349996090e-01 8749 -5.6334452569e-26 5.0561839923e-06 1.1783448592e-03 5.7316718471e-03 4.7915236689e-04 3.7600767675e-04 4.0706868654e+03 3.5749272432e+03 1.0219320892e+04 4.0132163086e+03 1.3639765611e+07
9.0674996376e-01 8749 -4.8742476240e-26 5.0529993115e-06 1.1789708743e-03 5.7318569754e-03 4.7849783689e-04 3.7569309204e-04 4.0695927530e+03 3.5750013909e+03 1.0217261217e+04 4.0122255859e+03 1.3639765531e+07
9.0999996662e-01 8749 -5.0806176403e-26 5.0498268335e-06 1.1795941012e-03 5.7320411342e-03 4.7784641544e-04 3.7537978827e-04 4.0685035617e+03 3.5750752453e+03 1.0215209686e+04 4.0112395020e+03 1.3639765452e+07
9.1324996948e-01 8749 -5.0323249484e-26 5.0466664661e-06 1.1802145610e-03 5.7322243293e-03 4.7719808262e-04 3.7506775372e-04 4.0674192481e+03 3.5751488087e+03 1.0213166243e+04 4.0102575684e+03 1.3639765373e+07
9.1649997234e-01 8749 -4.3686706223e-26 5.0435181180e-06 1.1808322748e-03 5.7324065667e-03 4.7655281855e-04 3.7475697690e-04 4.0663397697e+03 3.5752220830e+03 1.0211130828e+04 4.0092788086e+03 1.3639765295e+07
9.1974991560e-01 8749 -3.8272253424e-26 5.0403817567e-06 1.1814472522e-03 5.7325878488e-03 4.7591061527e-04 3.7444745210e-04 4.0652651042e+03 3.5752950690e+03 1.0209103422e+04 4.0083046875e+03 1.3639765217e+07
9.2299991846e-01 8749 -3.6436545279e-26 5.0372571791e-06 1.1820595362e-03 5.7327681881e-03 4.7527142964e-04 3.7413915686e-04 4.0641951708e+03 3.5753677713e+03 1.0207083895e+04 4.0073347168e+03 1.3639765140e+07
9.2624992132e-01 8749 -2.3406299001e-26 5.0341443556e-06 1.1826691358e-03 5.7329475869e-03 4.7463525399e-04 3.7383208589e-04 4.0631299485e+03 3.5754401907e+03 1.0205072229e+04 4.0063688965e+03 1.3639765064e+07
9.2949992418e-01 8749 -1.9697699640e-26 5.0310432000e-06 1.1832760712e-03 5.7331260512e-03 4.7400206897e-04 3.7352622840e-04 4.0620693969e+03 3.5755123290e+03 1.0203068369e+04 4.0054064941e+03 1.3639764988e+07
9.3274992704e-01 8749 -1.2163424728e-26 5.0279536276e-06 1.1838803622e-03 5.7333035867e-03 4.7337185534e-04 3.7322157378e-04 4.0610134763e+03 3.5755841883e+03 1.0201072259e+04 4.0044482422e+03 1.3639764914e+07
9.3599998951e-01 8749 6.3302478356e-28 5.0248754988e-06 1.1844820394e-03 5.7334802022e-03 4.7274458251e-04 3.7291810602e-04 4.0599621286e+03 3.5756557718e+03 1.0199083812e+04 4.0034936523e+03 1.3639764839e+07
9.3924999237e-01 8749 1.9065034573e-26 5.0218088436e-06 1.1850811003e-03 5.7336558972e-03 4.7212025444e-04 3.7261582598e-04 4.0589153533e+03 3.5757270788e+03 1.0197103046e+04 4.0025434570e+03 1.3639764766e+07
9.4249999523e-01 8749 3.1021457468e-26 5.0187535245e-06 1.1856775751e-03 5.7338306804e-03 4.7149884074e-04 3.7231471793e-04 4.0578730932e+03 3.5757981124e+03 1.0195129872e+04 4.0015966797e+03 1.3639764693e+07
9.4574999809e-01 8749 4.0695413223e-26 5.0157094611e-06 1.1862714828e-03 5.7340045577e-03 4.7088032268e-04 3.7201477197e-04 4.0568353107e+03 3.5758688746e+03 1.0193164238e+04 4.0006535645e+03 1.3639764620e+07
9.4900000095e-01 8749 4.4002935006e-26 5.0126765744e-06 1.1868628422e-03 5.7341775346e-03 4.7026468160e-04 3.7171597827e-04 4.0558019687e+03 3.5759393672e+03 1.0191206094e+04 3.9997150879e+03 1.3639764548e+07
9.5225000381e-01 8749 5.6364523709e-26 5.0096547864e-06 1.1874516718e-03 5.7343496168e-03 4.6965189894e-04 3.7141832719e-04 4.0547730306e+03 3.5760095920e+03 1.0189255389e+04 3.9987797852e+03 1.3639764477e+07
9.5550000668e-01 8749 6.8427003322e-26 5.0066440202e-06 1.1880379902e-03 5.7345208098e-03 4.6904195630e-04 3.7112180922e-04 4.0537484603e+03 3.5760795508e+03 1.0187312072e+04 3.9978481445e+03 1.3639764407e+07
9.5875000954e-01 8749 7.0515814497e-26 5.0036441997e-06 1.1886218154e-03 5.7346911194e-03 4.6843483542e-04 3.7082641501e-04 4.0527282222e+03 3.5761492454e+03 1.0185376094e+04 3.9969199219e+03 1.3639764337e+07
9.6199995279e-01 8749 7.7852378091e-26 5.0006553049e-06 1.1892031548e-03 5.7348605479e-03 4.6783052913e-04 3.7053214071e-04 4.0517122996e+03 3.5762186763e+03 1.0183447441e+04 3.9959958496e+03 1.3639764267e+07
9.6524995565e-01 8749 8.2448740624e-26 4.9976771522e-06 1.1897820475e-03 5.7350291070e-03 4.6722899727e-04 3.7023896651e-04 4.0507006206e+03 3.5762878477e+03 1.0181525995e+04 3.9950751953e+03 1.3639764198e+07
9.6849995852e-01 8749 9.5861043584e-26 4.9947097235e-06 1.1903585004e-03 5.7351967993e-03 4.6663023300e-04 3.6994688883e-04 4.0496931696e+03 3.5763567603e+03 1.0179611742e+04 3.9941586914e+03 1.3639764130e+07
9.7174996138e-01 8749 9.9807947006e-26 4.9917529467e-06 1.1909325310e-03 5.7353636302e-03 4.6603421853e-04 3.6965589892e-04 4.0486899129e+03 3.5764254155e+03 1.0177704635e+04 3.9932453613e+03 1.3639764062e+07
9.7499996424e-01 8749 1.1348828679e-25 4.9888067507e-06 1.1915041566e-03 5.7355296051e-03 4.6544093612e-04 3.6936598806e-04 4.0476908170e+03 3.5764938152e+03 1.0175804626e+04 3.9923359375e+03 1.3639763995e+07
9.7824996710e-01 8749 1.1640798835e-25 4.9858710653e-06 1.1920733940e-03 5.7356947296e-03 4.6485036822e-04 3.6907714774e-04 4.0466958490e+03 3.5765619610e+03 1.0173911671e+04 3.9914296875e+03 1.3639763928e+07
9.8149996996e-01 8749 1.1405162556e-25 4.9829458212e-06 1.1926402603e-03 5.7358590089e-03 4.6426249736e-04 3.6878936953e-04 4.0457049763e+03 3.5766298546e+03 1.0172025722e+04 3.9905263672e+03 1.3639763862e+07
9.8474997282e-01 8749 1.1493556858e-25 4.9800309501e-06 1.1932047721e-03 5.7360224486e-03 4.6367730622e-04 3.6850264514e-04 4.0447181668e+03 3.5766974976e+03 1.0170146734e+04 3.9896276855e+03 1.3639763797e+07
9.8799997568e-01 8749 1.1964950183e-25 4.9771263841e-06 1.1937669459e-03 5.7361850539e-03 4.6309477755e-04 3.6821696642e-04 4.0437353889e+03 3.5767648916e+03 1.0168274663e+04 3.9887319336e+03 1.3639763732e+07
9.9124991894e-01 8749 1.1272728597e-25 4.9742321096e-06 1.1943267879e-03 5.7363468273e-03 4.6251490485e-04 3.6793233049e-04 4.0427566291e+03 3.5768320370e+03 1.0166409497e+04 3.9878398438e+03 1.3639763667e+07
9.9449992180e-01 8749 1.1204223960e-25 4.9713479543e-06 1.1948843348e-03 5.7365077800e-03 4.6193764989e-04 3.6764871902e-04 4.0417818206e+03 3.5768989378e+03 1.0164551125e+04 3.9869511719e+03 1.3639763603e+07
9.9774992466e-01 8749 1.2193959503e-25 4.9684739068e-06 1.1954395922e-03 5.7366679143e-03 4.6136300638e-04 3.6736612938e-04 4.0408109509e+03 3.5769655944e+03 1.0162699536e+04 3.9860656738e+03 1.3639763540e+07
1.0009999275e+00 8749 1.1990551034e-25 4.9656099023e-06 1.1959925760e-03 5.7368272354e-03 4.6079095766e-04 3.6708455388e-04 4.0398439898e+03 3.5770320083e+03 1.0160854689e+04 3.9851840820e+03 1.3639763477e+07
1.0042499304e+00 8749 1.1928538451e-25 4.9627558774e-06 1.1965433020e-03 5.7369857487e-03 4.6022148702e-04 3.6680398489e-04 4.0388809075e+03 3.5770981812e+03 1.0159016539e+04 3.9843056641e+03 1.3639763414e+07
1.0074999332e+00 8749 1.1360850326e-25 4.9599117695e-06 1.1970917856e-03 5.7371434592e-03 4.5965457791e-04 3.6652441493e-04 4.0379216746e+03 3.5771641144e+03 1.0157185045e+04 3.9834301758e+03 1.3639763352e+07
1.0107499361e+00 8749 9.7360244980e-26 4.9570775163e-06 1.1976380422e-03 5.7373003722e-03 4.5909021397e-04 3.6624583661e-04 4.0369662620e+03 3.5772298095e+03 1.0155360166e+04 3.9825583496e+03 1.3639763291e+07
1.0139999390e+00 8749 9.4044899652e-26 4.9542530566e-06 1.1981820871e-03 5.7374564927e-03 4.5852837888e-04 3.6596824264e-04 4.0360146410e+03 3.5772952680e+03 1.0153541858e+04 3.9816901855e+03 1.3639763230e+07
1.0172499418e+00 8749 8.4234551601e-26 4.9514383299e-06 1.1987239352e-03 5.7376118261e-03 4.5796905643e-04 3.6569162584e-04 4.0350667833e+03 3.5773604913e+03 1.0151730082e+04 3.9808249512e+03 1.3639763169e+07
1.0204999447e+00 8749 6.9518756620e-26 4.9486332762e-06 1.1992636016e-03 5.7377663772e-03 4.5741223055e-04 3.6541597910e-04 4.0341226609e+03 3.5774254810e+03 1.0149924797e+04 3.9799628906e+03 1.3639763109e+07
1.0237499475e+00 8749 5.9655999478e-26 4.9458378364e-06 1.1998011008e-03 5.7379201511e-03 4.5685788532e-04 3.6514129542e-04 4.0331822460e+03 3.5774902385e+03 1.0148125963e+04 3.9791037598e+03 1.3639763050e+07
1.0269999504e+00 8749 5.0584187307e-26 4.9430519519e-06 1.2003364477e-03 5.7380731530e-03 4.5630600486e-04 3.6486756794e-04 4.0322455114e+03 3.5775547652e+03 1.0146333539e+04 3.9782485352e+03 1.3639762991e+07
1.0302499533e+00 8749 3.2135118220e-26 4.9402755651e-06 1.2008696566e-03 5.7382253877e-03 4.5575657340e-04 3.6459478984e-04 4.0313124299e+03 3.5776190626e+03 1.0144547486e+04 3.9773962402e+03 1.3639762932e+07
1.0334999561e+00 8749 2.3578101911e-26 4.9375086188e-06 1.2014007417e-03 5.7383768603e-03 4.5520957535e-04 3.6432295439e-04 4.0303829750e+03 3.5776831319e+03 1.0142767766e+04 3.9765463867e+03 1.3639762874e+07
1.0367499590e+00 8749 8.6930620400e-27 4.9347510563e-06 1.2019297175e-03 5.7385275757e-03 4.5466499519e-04 3.6405205496e-04 4.0294571201e+03 3.5777469747e+03 1.0140994340e+04 3.9757006836e+03 1.3639762816e+07
1.0399999619e+00 8749 -5.3781717331e-27 4.9320028219e-06 1.2024565978e-03 5.7386775389e-03 4.5412281751e-04 3.6378208503e-04 4.0285348392e+03 3.5778105923e+03 1.0139227169e+04 3.9748579102e+03 1.3639762759e+07
1.0432499647e+00 8749 -2.5351675481e-26 4.9292638603e-06 1.2029813966e-03 5.7388267546e-03 4.5358302703e-04 3.6351303815e-04 4.0276161066e+03 3.5778739861e+03 1.0137466215e+04 3.9740180664e+03 1.3639762702e+07
1.0464999676e+00 8749 -2.9566252664e-26 4.9265341167e-06 1.2035041276e-03 5.7389752278e-03 4.5304560857e-04 3.6324490793e-04 4.0267008967e+03 3.5779371574e+03 1.0135711441e+04 3.9731816406e+03 1.3639762645e+07
1.0497499704e+00 8749 -4.6610570226e-26 4.9238135372e-06 1.2040248046e-03 5.7391229632e-03 4.5251054702e-04 3.6297768811e-04 4.0257891843e+03 3.5780001076e+03 1.0133962810e+04 3.9723479004e+03 1.3639762589e+07
1.0529999733e+00 8749 -6.5716191674e-26 4.9211020683e-06 1.2045434409e-03 5.7392699658e-03 4.5197782741e-04 3.6271137247e-04 4.0248809447e+03 3.5780628380e+03 1.0132220285e+04 3.9715175781e+03 1.3639762534e+07
1.0562499762e+00 8749 -7.8815220858e-26 4.9183996570e-06 1.2050600500e-03 5.7394162402e-03 4.5144743491e-04 3.6244595490e-04 4.0239761530e+03 3.5781253498e+03 1.0130483829e+04 3.9706901855e+03 1.3639762479e+07
1.0594999790e+00 8749 -9.5182180764e-26 4.9157062510e-06 1.2055746451e-03 5.7395617911e-03 4.5091935474e-04 3.6218142933e-04 4.0230747852e+03 3.5781876445e+03 1.0128753406e+04 3.9698652344e+03 1.3639762424e+07
1.0627499819e+00 8749 -1.0955757333e-25 4.9130217987e-06 1.2060872393e-03 5.7397066234e-03 4.5039357225e-04 3.6191778980e-04 4.0221768170e+03 3.5782497233e+03 1.0127028981e+04 3.9690444336e+03 1.3639762369e+07
1.0659999847e+00 8749 -1.2394832181e-25 4.9103462487e-06 1.2065978456e-03 5.7398507416e-03 4.4987007292e-04 3.6165503042e-04 4.0212822246e+03 3.5783115874e+03 1.0125310517e+04 3.9682258301e+03 1.3639762315e+07
1.0692499876e+00 8749 -1.3373172510e-25 4.9076795507e-06 1.2071064769e-03 5.7399941504e-03 4.4934884228e-04 3.6139314536e-04 4.0203909847e+03 3.5783732382e+03 1.0123597981e+04 3.9674101562e+03 1.3639762262e+07
1.0724999905e+00 8749 -1.4348138683e-25 4.9050216542e-06 1.2076131460e-03 5.7401368545e-03 4.4882986599e-04 3.6113212890e-04 4.0195030738e+03 3.5784346769e+03 1.0121891336e+04 3.9665979004e+03 1.3639762209e+07
1.0757499933e+00 8749 -1.5627991600e-25 4.9023725097e-06 1.2081178654e-03 5.7402788584e-03 4.4831312989e-04 3.6087197531e-04 4.0186184691e+03 3.5784959047e+03 1.0120190549e+04 3.9657875977e+03 1.3639762156e+07
1.0789999962e+00 8749 -1.5646008478e-25 4.8997320679e-06 1.2086206477e-03 5.7404201667e-03 4.4779861979e-04 3.6061267904e-04 4.0177371477e+03 3.5785569229e+03 1.0118495584e+04 3.9649812012e+03 1.3639762104e+07
1.0822498798e+00 8749 -1.7330672819e-25 4.8971003769e-06 1.2091214869e-03 5.7405607787e-03 4.4728634039e-04 3.6035424395e-04 4.0168591194e+03 3.5786177304e+03 1.0116806471e+04 3.9641772461e+03 1.3639762052e+07
1.0854998827e+00 8749 -1.8037628259e-25 4.8944771955e-06 1.2096204320e-03 5.7407007093e-03 4.4677624026e-04 3.6009664567e-04 4.0159842974e+03 3.5786783330e+03 1.0115123052e+04 3.9633767090e+03 1.3639762000e+07
1.0887498856e+00 8749 -1.8218805554e-25 4.8918625727e-06 1.2101174768e-03 5.7408399578e-03 4.4626832439e-04 3.5983988826e-04 4.0151126922e+03 3.5787387296e+03 1.0113445356e+04 3.9625788574e+03 1.3639761949e+07
1.0919998884e+00 8749 -1.7725186722e-25 4.8892564612e-06 1.2106126333e-03 5.7409785287e-03 4.4576257907e-04 3.5958396638e-04 4.0142442818e+03 3.5787989213e+03 1.0111773349e+04 3.9617834473e+03 1.3639761898e+07
1.0952498913e+00 8749 -1.8181085986e-25 4.8866588146e-06 1.2111059136e-03 5.7411164262e-03 4.4525899066e-04 3.5932887475e-04 4.0133790448e+03 3.5788589094e+03 1.0110106999e+04 3.9609907227e+03 1.3639761847e+07
1.0985000134e+00 8749 -1.7910782411e-25 4.8840694919e-06 1.2115973472e-03 5.7412536599e-03 4.4475752731e-04 3.5907459887e-04 4.0125169285e+03 3.5789186972e+03 1.0108446212e+04 3.9602014160e+03 1.3639761797e+07
1.1017500162e+00 8749 -1.7570548078e-25 4.8814886369e-06 1.2120869101e-03 5.7413902241e-03 4.4425821236e-04 3.5882115218e-04 4.0116579747e+03 3.5789782814e+03 1.0106791079e+04 3.9594145508e+03 1.3639761748e+07
1.1050000191e+00 8749 -1.7616914400e-25 4.8789161095e-06 1.2125746317e-03 5.7415261280e-03 4.4376101409e-04 3.5856852028e-04 4.0108021312e+03 3.5790376655e+03 1.0105141507e+04 3.9586303711e+03 1.3639761698e+07
1.1082500219e+00 8749 -1.6779442000e-25 4.8763518648e-06 1.2130605237e-03 5.7416613760e-03 4.4326591924e-04 3.5831669813e-04 4.0099493772e+03 3.5790968505e+03 1.0103497464e+04 3.9578491211e+03 1.3639761649e+07
1.1115000248e+00 8749 -1.6081429993e-25 4.8737958582e-06 1.2135445974e-03 5.7417959725e-03 4.4277291471e-04 3.5806568076e-04 4.0090996925e+03 3.5791558377e+03 1.0101858918e+04 3.9570708008e+03 1.3639761601e+07
1.1147500277e+00 8749 -1.4525152609e-25 4.8712480459e-06 1.2140268641e-03 5.7419299215e-03 4.4228198746e-04 3.5781546323e-04 4.0082530568e+03 3.5792146280e+03 1.0100225840e+04 3.9562944336e+03 1.3639761552e+07
1.1180000305e+00 8749 -1.3831168019e-25 4.8687083843e-06 1.2145073350e-03 5.7420632273e-03 4.4179312455e-04 3.5756604069e-04 4.0074094501e+03 3.5792732226e+03 1.0098598198e+04 3.9555217285e+03 1.3639761504e+07
1.1212500334e+00 8749 -1.3284577197e-25 4.8661768302e-06 1.2149860212e-03 5.7421958941e-03 4.4130631316e-04 3.5731740833e-04 4.0065688527e+03 3.5793316226e+03 1.0096975961e+04 3.9547517090e+03 1.3639761457e+07
1.1244999170e+00 8749 -1.1669142565e-25 4.8636534333e-06 1.2154629161e-03 5.7423279213e-03 4.4082155826e-04 3.5706957046e-04 4.0057312756e+03 3.5793898270e+03 1.0095359160e+04 3.9539838867e+03 1.3639761410e+07
1.1277499199e+00 8749 -1.0075729511e-25 4.8611379660e-06 1.2159380658e-03 5.7424593226e-03 4.4033881168e-04 3.5682250422e-04 4.0048966383e+03 3.5794478410e+03 1.0093747644e+04 3.9532185059e+03 1.3639761363e+07
1.1309999228e+00 8749 -8.8900799290e-26 4.8586304792e-06 1.2164114635e-03 5.7425900973e-03 4.3985807867e-04 3.5657621407e-04 4.0040649522e+03 3.5795056637e+03 1.0092141445e+04 3.9524562988e+03 1.3639761316e+07
1.1342499256e+00 8749 -6.8951317040e-26 4.8561309312e-06 1.2168831198e-03 5.7427202494e-03 4.3937934678e-04 3.5633069538e-04 4.0032361984e+03 3.5795632960e+03 1.0090540532e+04 3.9516962891e+03 1.3639761270e+07
1.1374999285e+00 8749 -5.1240004211e-26 4.8536392809e-06 1.2173530454e-03 5.7428497830e-03 4.3890260363e-04 3.5608594361e-04 4.0024103581e+03 3.5796207391e+03 1.0088944877e+04 3.9509396973e+03 1.3639761224e+07
1.1407499313e+00 8749 -3.4283537718e-26 4.8511554874e-06 1.2178212507e-03 5.7429787021e-03 4.3842783695e-04 3.5584195428e-04 4.0015874128e+03 3.5796779940e+03 1.0087354451e+04 3.9501848145e+03 1.3639761178e+07
1.1439999342e+00 8749 -1.3199686143e-26 4.8486795103e-06 1.2182877463e-03 5.7431070107e-03 4.3795503455e-04 3.5559872292e-04 4.0007673441e+03 3.5797350616e+03 1.0085769224e+04 3.9494331055e+03 1.3639761133e+07
1.1472499371e+00 8749 1.4528251123e-26 4.8462113095e-06 1.2187525423e-03 5.7432347127e-03 4.3748418432e-04 3.5535624517e-04 3.9999501338e+03 3.5797919431e+03 1.0084189169e+04 3.9486833496e+03 1.3639761088e+07
1.1504999399e+00 8749 2.8758048665e-26 4.8437508453e-06 1.2192156491e-03 5.7433618121e-03 4.3701527425e-04 3.5511451664e-04 3.9991357639e+03 3.5798486394e+03 1.0082614257e+04 3.9479365234e+03 1.3639761043e+07
1.1537499428e+00 8749 5.0264526228e-26 4.8412980783e-06 1.2196770768e-03 5.7434883127e-03 4.3654829245e-04 3.5487353302e-04 3.9983242166e+03 3.5799051516e+03 1.0081044460e+04 3.9471926270e+03 1.3639760999e+07
1.1569999456e+00 8749 6.5291731989e-26 4.8388529697e-06 1.2201368355e-03 5.7436142185e-03 4.3608322706e-04 3.5463329006e-04 3.9975154742e+03 3.5799614806e+03 1.0079479752e+04 3.9464506836e+03 1.3639760955e+07
1.1602499485e+00 8749 7.9020698361e-26 4.8364154804e-06 1.2205949350e-03 5.7437395333e-03 4.3562006636e-04 3.5439378354e-04 3.9967095193e+03 3.5800176275e+03 1.0077920103e+04 3.9457114258e+03 1.3639760911e+07
1.1634999514e+00 8749 9.7721052968e-26 4.8339855724e-06 1.2210513854e-03 5.7438642609e-03 4.3515879868e-04 3.5415500930e-04 3.9959063346e+03 3.5800735932e+03 1.0076365487e+04 3.9449746094e+03 1.3639760868e+07
1.1667499542e+00 8749 1.1779470102e-25 4.8315632075e-06 1.2215061964e-03 5.7439884051e-03 4.3469941247e-04 3.5391696320e-04 3.9951059029e+03 3.5801293786e+03 1.0074815878e+04 3.9442399902e+03 1.3639760824e+07
1.1699999571e+00 8749 1.3085449967e-25 4.8291483482e-06 1.2219593776e-03 5.7441119697e-03 4.3424189623e-04 3.5367964115e-04 3.9943082073e+03 3.5801849848e+03 1.0073271247e+04 3.9435090332e+03 1.3639760782e+07
1.1732499599e+00 8749 1.5205648307e-25 4.8267409569e-06 1.2224109389e-03 5.7442349584e-03 4.3378623858e-04 3.5344303911e-04 3.9935132310e+03 3.5802404128e+03 1.0071731569e+04 3.9427790527e+03 1.3639760739e+07
1.1764999628e+00 8749 1.7087798533e-25 4.8243409969e-06 1.2228608896e-03 5.7443573749e-03 4.3333242819e-04 3.5320715307e-04 3.9927209573e+03 3.5802956633e+03 1.0070196817e+04 3.9420522461e+03 1.3639760697e+07
1.1797499657e+00 8749 1.9421425086e-25 4.8219484313e-06 1.2233092393e-03 5.7444792230e-03 4.3288045385e-04 3.5297197908e-04 3.9919313698e+03 3.5803507375e+03 1.0068666965e+04 3.9413278809e+03 1.3639760655e+07
1.1829999685e+00 8749 2.1694376109e-25 4.8195632237e-06 1.2237559973e-03 5.7446005063e-03 4.3243030440e-04 3.5273751321e-04 3.9911444522e+03 3.5804056362e+03 1.0067141987e+04 3.9406057129e+03 1.3639760613e+07
1.1862499714e+00 8749 2.3665929737e-25 4.8171853380e-06 1.2242011729e-03 5.7447212284e-03 4.3198196879e-04 3.5250375159e-04 3.9903601884e+03 3.5804603603e+03 1.0065621858e+04 3.9398859863e+03 1.3639760571e+07
1.1894999743e+00 8749 2.5639447977e-25 4.8148147384e-06 1.2246447755e-03 5.7448413930e-03 4.3153543606e-04 3.5227069036e-04 3.9895785623e+03 3.5805149109e+03 1.0064106551e+04 3.9391689453e+03 1.3639760530e+07
1.1927499771e+00 8749 2.6811504228e-25 4.8124513896e-06 1.2250868140e-03 5.7449610036e-03 4.3109069529e-04 3.5203832573e-04 3.9887995581e+03 3.5805692887e+03 1.0062596042e+04 3.9384538574e+03 1.3639760489e+07
1.1959999800e+00 8749 2.7916907070e-25 4.8100952564e-06 1.2255272977e-03 5.7450800639e-03 4.3064773566e-04 3.5180665392e-04 3.9880231601e+03 3.5806234946e+03 1.0061090306e+04 3.9377416992e+03 1.3639760448e+07
1.1992499828e+00 8749 2.9302678535e-25 4.8077463038e-06 1.2259662355e-03 5.7451985773e-03 4.3020654645e-04 3.5157567120e-04 3.9872493528e+03 3.5806775297e+03 1.0059589317e+04 3.9370312500e+03 1.3639760408e+07
1.2024999857e+00 8749 3.0198656640e-25 4.8054044974e-06 1.2264036363e-03 5.7453165476e-03 4.2976711701e-04 3.5134537389e-04 3.9864781208e+03 3.5807313947e+03 1.0058093051e+04 3.9363239746e+03 1.3639760367e+07
1.2057499886e+00 8749 3.1407603256e-25 4.8030698030e-06 1.2268395090e-03 5.7454339780e-03 4.2932943676e-04 3.5111575832e-04 3.9857094487e+03 3.5807850905e+03 1.0056601484e+04 3.9356179199e+03 1.3639760327e+07
1.2089999914e+00 8749 3.3245987377e-25 4.8007421868e-06 1.2272738624e-03 5.7455508723e-03 4.2889349520e-04 3.5088682088e-04 3.9849433216e+03 3.5808386180e+03 1.0055114591e+04 3.9349152832e+03 1.3639760287e+07
1.2122499943e+00 8749 3.4805797699e-25 4.7984216150e-06 1.2277067052e-03 5.7456672338e-03 4.2845928192e-04 3.5065855797e-04 3.9841797244e+03 3.5808919780e+03 1.0053632349e+04 3.9342145996e+03 1.3639760247e+07
1.2154999971e+00 8749 3.5832281726e-25 4.7961080546e-06 1.2281380460e-03 5.7457830661e-03 4.2802678658e-04 3.5043096605e-04 3.9834186424e+03 3.5809451714e+03 1.0052154733e+04 3.9335153809e+03 1.3639760207e+07
1.2187500000e+00 8749 3.6680217197e-25 4.7938014725e-06 1.2285678934e-03 5.7458983727e-03 4.2759599894e-04 3.5020404160e-04 3.9826600608e+03 3.5809981990e+03 1.0050681720e+04 3.9328190918e+03 1.3639760167e+07
1.2220000029e+00 8749 3.7502616011e-25 4.7915018363e-06 1.2289962560e-03 5.7460131571e-03 4.2716690881e-04 3.4997778115e-04 3.9819039651e+03 3.5810510616e+03 1.0049213287e+04 3.9321254883e+03 1.3639760126e+07
1.2252500057e+00 8749 3.8135831250e-25 4.7892091138e-06 1.2294231422e-03 5.7461274228e-03 4.2673950609e-04 3.4975218124e-04 3.9811503409e+03 3.5811037600e+03 1.0047749412e+04 3.9314333496e+03 1.3639760086e+07
1.2284998894e+00 8749 3.8144676601e-25 4.7869233569e-06 1.2298485448e-03 5.7462411692e-03 4.2631379632e-04 3.4952724670e-04 3.9803992013e+03 3.5811562931e+03 1.0046290124e+04 3.9307438965e+03 1.3639760045e+07
1.2317498922e+00 8749 3.9015000199e-25 4.7846443668e-06 1.2302725034e-03 5.7463544082e-03 4.2588973840e-04 3.4930295767e-04 3.9796504772e+03 3.5812086655e+03 1.0044835295e+04 3.9300563965e+03 1.3639760004e+07
1.2349998951e+00 8749 3.8444486078e-25 4.7823721967e-06 1.2306950106e-03 5.7464671394e-03 4.2546733807e-04 3.4907931906e-04 3.9789041821e+03 3.5812608760e+03 1.0043384956e+04 3.9293713379e+03 1.3639759962e+07
1.2382498980e+00 8749 3.8673966861e-25 4.7801068162e-06 1.2311160747e-03 5.7465793664e-03 4.2504658557e-04 3.4885632758e-04 3.9781603022e+03 3.5813129252e+03 1.0041939086e+04 3.9286889648e+03 1.3639759919e+07
1.2414999008e+00 8749 3.8747132077e-25 4.7778481959e-06 1.2315357039e-03 5.7466910931e-03 4.2462747120e-04 3.4863397995e-04 3.9774188237e+03 3.5813648138e+03 1.0040497663e+04 3.9280083008e+03 1.3639759874e+07
1.2447499037e+00 8749 3.9237324453e-25 4.7755963068e-06 1.2319539065e-03 5.7468023235e-03 4.2420998534e-04 3.4841227294e-04 3.9766797330e+03 3.5814165426e+03 1.0039060668e+04 3.9273293457e+03 1.3639759828e+07
1.2479999065e+00 8749 3.8485652319e-25 4.7733511210e-06 1.2323706905e-03 5.7469130616e-03 4.2379411849e-04 3.4819120338e-04 3.9759430166e+03 3.5814681120e+03 1.0037628080e+04 3.9266530762e+03 1.3639759780e+07
1.2512499094e+00 8749 3.7937246282e-25 4.7711126116e-06 1.2327860640e-03 5.7470233118e-03 4.2337986121e-04 3.4797076810e-04 3.9752086610e+03 3.5815195225e+03 1.0036199880e+04 3.9259790039e+03 1.3639759728e+07
1.2544999123e+00 8749 3.7110882349e-25 4.7688807527e-06 1.2332000354e-03 5.7471330788e-03 4.2296720415e-04 3.4775096402e-04 3.9744766532e+03 3.5815707746e+03 1.0034776051e+04 3.9253073730e+03 1.3639759673e+07
1.2577499151e+00 8749 3.6810062259e-25 4.7666555199e-06 1.2336126127e-03 5.7472423676e-03 4.2255613809e-04 3.4753178808e-04 3.9737469800e+03 3.5816218686e+03 1.0033356575e+04 3.9246372070e+03 1.3639759613e+07
1.2610000372e+00 8749 3.7422379678e-25 4.7644368094e-06 1.2340238191e-03 5.7473511875e-03 4.2214663894e-04 3.4731322928e-04 3.9730196018e+03 3.5816728066e+03 1.0031941384e+04 3.9239694824e+03 1.3639759548e+07
1.2642500401e+00 8749 3.6810046819e-25 4.7622247631e-06 1.2344336330e-03 5.7474595366e-03 4.2173872767e-04 3.4709530070e-04 3.9722945591e+03 3.5817235849e+03 1.0030530568e+04 3.9233034668e+03 1.3639759475e+07
1.2675000429e+00 8749 3.6618352131e-25 4.7600192812e-06 1.2348420776e-03 5.7475674256e-03 4.2133238036e-04 3.4687799145e-04 3.9715718126e+03 3.5817742053e+03 1.0029124064e+04 3.9226401367e+03 1.3639759392e+07
1.2707499266e+00 8749 3.5837394902e-25 4.7578204290e-06 1.2352491467e-03 5.7476748580e-03 4.2092760306e-04 3.4666130664e-04 3.9708513760e+03 3.5818246657e+03 1.0027721911e+04 3.9219785156e+03 1.3639759298e+07
1.2739999294e+00 8749 3.4875775566e-25 4.7556280337e-06 1.2356548787e-03 5.7477818504e-03 4.2052435755e-04 3.4644522768e-04 3.9701331842e+03 3.5818749693e+03 1.0026324001e+04 3.9213193359e+03 1.3639759188e+07
1.2772499323e+00 8749 3.4054678386e-25 4.7534421687e-06 1.2360592676e-03 5.7478884086e-03 4.2012265023e-04 3.4622975991e-04 3.9694172514e+03 3.5819251131e+03 1.0024930380e+04 3.9206623535e+03 1.3639759061e+07
1.2804999352e+00 8749 3.3855736230e-25 4.7512628320e-06 1.2364623227e-03 5.7479945442e-03 4.1972247290e-04 3.4601490080e-04 3.9687035657e+03 3.5819750961e+03 1.0023541050e+04 3.9200070801e+03 1.3639758910e+07
1.2837499380e+00 8749 3.2947550930e-25 4.7490900282e-06 1.2368640535e-03 5.7481002706e-03 4.1932381757e-04 3.4580064798e-04 3.9679921151e+03 3.5820249165e+03 1.0022156014e+04 3.9193542480e+03 1.3639758731e+07
1.2869999409e+00 8749 3.2130040820e-25 4.7469237694e-06 1.2372644701e-03 5.7482056037e-03 4.1892667648e-04 3.4558699923e-04 3.9672828880e+03 3.5820745719e+03 1.0020775286e+04 3.9187031250e+03 1.3639758517e+07
1.2902499437e+00 8749 3.1372987279e-25 4.7447640778e-06 1.2376635833e-03 5.7483105624e-03 4.1853104221e-04 3.4537395250e-04 3.9665758730e+03 3.5821240593e+03 1.0019398882e+04 3.9180537109e+03 1.3639758259e+07
1.2934999466e+00 8749 3.0818643218e-25 4.7426109866e-06 1.2380614043e-03 5.7484151691e-03 4.1813690768e-04 3.4516150597e-04 3.9658710591e+03 3.5821733749e+03 1.0018026832e+04 3.9174067383e+03 1.3639757948e+07
1.2967499495e+00 8749 2.9914579456e-25 4.7404645434e-06 1.2384579457e-03 5.7485194506e-03 4.1774426624e-04 3.4494965806e-04 3.9651684353e+03 3.5822225137e+03 1.0016659174e+04 3.9167619629e+03 1.3639757569e+07
