# i  k  rho  u  p t
0.0000000000e+00 3499 0.0000000000e+00 0.0000000000e+00 0.0000000000e+00 1.0000000475e-03 0.0000000000e+00 1.0000000475e-03 2.5000000000e+03 3.5000000000e+03 7.0000000000e+03 1.2577958008e+04
5.4999999702e-03 3499 0.0000000000e+00 0.0000000000e+00 0.0000000000e+00 1.0000000475e-03 0.0000000000e+00 1.0000000475e-03 2.5000000000e+03 3.5000000000e+03 7.0000000000e+03 1.2577958008e+04
1.0999999940e-02 3499 -1.7205716681e-25 8.0429809088e-10 7.8575909469e-06 9.9999924320e-04 3.9369723582e-21 9.9214245655e-04 2.7564310178e+03 3.5000000000e+03 6.9142628458e+03 1.2378487305e+04
1.6499999911e-02 3499 7.0638238471e-25 5.7271058458e-07 1.8787268653e-05 9.9885625488e-04 1.2232813526e-06 9.8056057952e-04 2.9862607807e+03 3.5000000000e+03 6.8142024486e+03 1.2133978516e+04
2.1999999881e-02 3499 5.9908944692e-25 1.5620653633e-06 3.3154496764e-05 9.9624159934e-04 4.7047428645e-06 9.6433719066e-04 3.2432834081e+03 3.5000000000e+03 6.6859301682e+03 1.1820814453e+04
2.7500001714e-02 3499 7.6395131305e-25 2.8837920969e-06 5.2049973972e-05 9.9190111809e-04 1.1171040021e-05 9.4199417082e-04 3.5997817917e+03 3.5000000000e+03 6.5058893556e+03 1.1395686523e+04
3.2999999821e-02 3499 2.1547611427e-24 4.4886506795e-06 7.8303318557e-05 9.8567848130e-04 2.1062512112e-05 9.1046713235e-04 4.0992283280e+03 3.5000000000e+03 6.2486854264e+03 1.0807038086e+04
3.8499999791e-02 3499 2.2013289064e-24 6.3706821469e-06 1.1619070958e-04 9.7754509245e-04 3.4453178424e-05 8.6544043239e-04 4.7130145687e+03 3.5000000000e+03 5.8998163438e+03 1.0023350586e+04
4.3999999762e-02 3499 2.1047001999e-24 8.4880770212e-06 1.6835016482e-04 9.6784700325e-04 5.0691339513e-05 8.0462351039e-04 5.3336436300e+03 3.5000000000e+03 5.4732131192e+03 9.0798427734e+03
4.9500003457e-02 3499 2.0200015920e-24 1.0531775766e-05 2.3068973821e-04 9.5771631914e-04 6.8013996958e-05 7.3304826492e-04 5.8309018599e+03 3.5000000000e+03 5.0224509775e+03 8.1060859375e+03
5.5000003427e-02 3499 3.3060160504e-24 1.1871785363e-05 2.9262000601e-04 9.4882920407e-04 8.4180209315e-05 6.6249889023e-04 6.1389363674e+03 3.5000000000e+03 4.6205632101e+03 7.2641450195e+03
6.0499999672e-02 3499 2.9917857706e-24 1.2156676114e-05 3.4556416272e-04 9.4219002085e-04 9.7791366839e-05 6.0229786847e-04 6.2834365854e+03 3.5000000000e+03 4.3098279972e+03 6.6313398438e+03
6.5999999642e-02 3499 2.6972894469e-24 1.1644826727e-05 3.8769440471e-04 9.3765763531e-04 1.0859632690e-04 5.5440690135e-04 6.3244638235e+03 3.5000000000e+03 4.0857984407e+03 6.1839301758e+03
7.1499995887e-02 3499 2.6722956535e-24 1.0759200554e-05 4.2079725941e-04 9.3462780882e-04 1.1698338859e-04 5.1683243762e-04 6.3092191120e+03 3.5000000000e+03 3.9253862491e+03 5.8671044922e+03
7.6999999583e-02 3499 2.0066177014e-24 9.7825011089e-06 4.4712889983e-04 9.3256405419e-04 1.2349616708e-04 4.8702847278e-04 6.2649763570e+03 3.5000000000e+03 3.8079730444e+03 5.6364194336e+03
8.2500003278e-02 3499 2.3233458222e-24 8.8525583698e-06 4.6846982973e-04 9.3110438660e-04 1.2861481134e-04 4.6295850896e-04 6.2062966156e+03 3.5000000000e+03 3.7194531744e+03 5.4627929688e+03
8.7999999523e-02 3499 2.1790223561e-24 8.0227073636e-06 4.8608993104e-04 9.3002377318e-04 1.3270710522e-04 4.4315657819e-04 6.1409548972e+03 3.5000000000e+03 3.6507651171e+03 5.3280141602e+03
9.3500003219e-02 3499 2.3678599934e-24 7.3051565355e-06 5.0088237384e-04 9.2918516521e-04 1.3604046181e-04 4.2658693761e-04 6.0731859454e+03 3.5000000000e+03 3.5960845818e+03 5.2205522461e+03
9.9000006914e-02 3499 2.5550636178e-24 6.6941934507e-06 5.1348302469e-04 9.2850496169e-04 1.3880619413e-04 4.1251172103e-04 6.0053397104e+03 3.5000000000e+03 3.5515860091e+03 5.1329077148e+03
1.0450000316e-01 3499 2.7142613729e-24 6.1774691525e-06 5.2435339359e-04 9.2793163434e-04 1.4114112987e-04 4.0039646804e-04 5.9387317799e+03 3.5000000000e+03 3.5146856177e+03 5.0600454102e+03
1.1000000685e-01 3499 2.6566680256e-24 5.7411862056e-06 5.3383527710e-04 9.2743296859e-04 1.4314382870e-04 3.8984683441e-04 5.8740160087e+03 3.5000000000e+03 3.4836135205e+03 4.9985146484e+03
1.1549999565e-01 3499 2.6794477222e-24 5.3723628987e-06 5.4218640040e-04 9.2698839256e-04 1.4488616374e-04 3.8056677540e-04 5.8115576471e+03 3.5000000000e+03 3.4570959399e+03 4.9458442383e+03
1.2099999934e-01 3499 2.6014398866e-24 5.0595952559e-06 5.4960462914e-04 9.2658455279e-04 1.4642116648e-04 3.7233015132e-04 5.7515302253e+03 3.5000000000e+03 3.4341997919e+03 4.9002270508e+03
1.2650001049e-01 3499 2.6181224242e-24 4.7932208579e-06 5.5624427398e-04 9.2621260541e-04 1.4778847816e-04 3.6496151658e-04 5.6939897944e+03 3.5000000000e+03 3.4142272875e+03 4.8603134766e+03
1.3199999928e-01 3499 2.5408205378e-24 4.5652126612e-06 5.6222737619e-04 9.2586655912e-04 1.4901812665e-04 3.5832282038e-04 5.6389224678e+03 3.5000000000e+03 3.3966461912e+03 4.8250732422e+03
1.3750000298e-01 3499 2.6660724421e-24 4.3689725194e-06 5.6765168372e-04 9.2554225299e-04 1.5013315830e-04 3.5230402746e-04 5.5862730951e+03 3.5000000000e+03 3.3810434099e+03 4.7937084961e+03
1.4299999177e-01 3499 2.6184622305e-24 4.1991051349e-06 5.7259638834e-04 9.2523671829e-04 1.5115148925e-04 3.4681639398e-04 5.5359628201e+03 3.5000000000e+03 3.3670933755e+03 4.7655903320e+03
1.4850001037e-01 3499 2.6581671384e-24 4.0512070721e-06 5.7712631958e-04 9.2494777512e-04 1.5208722126e-04 3.4178757196e-04 5.4878999513e+03 3.5000000000e+03 3.3545360297e+03 4.7402158203e+03
1.5399999917e-01 3499 2.7197796547e-24 3.9216833503e-06 5.8129505598e-04 9.2467377448e-04 1.5295158715e-04 3.3715799404e-04 5.4419867344e+03 3.5000000000e+03 3.3431611788e+03 4.7171782227e+03
1.5950000286e-01 3499 2.6841127127e-24 3.8075938829e-06 5.8514726448e-04 9.2441343123e-04 1.5375363752e-04 3.3287816788e-04 5.3981235763e+03 3.5000000000e+03 3.3327971629e+03 4.6961474609e+03
1.6500000656e-01 3499 2.7041755151e-24 3.7065276207e-06 5.8872048134e-04 9.2416571458e-04 1.5450074498e-04 3.2890662649e-04 5.3562116623e+03 3.5000000000e+03 3.3233025065e+03 4.6768486328e+03
1.7050001025e-01 3499 2.6214441907e-24 3.6165006702e-06 5.9204648330e-04 9.2392977524e-04 1.5519897824e-04 3.2520835753e-04 5.3161545525e+03 3.5000000000e+03 3.3145596673e+03 4.6590537109e+03
1.7599999905e-01 3499 2.6001178973e-24 3.5358743954e-06 5.9515235456e-04 9.2370489648e-04 1.5585338270e-04 3.2175358687e-04 5.2778591229e+03 3.5000000000e+03 3.3064702859e+03 4.6425737305e+03
1.8150001764e-01 3499 2.5848512048e-24 3.4632898169e-06 5.9806132500e-04 9.2349046043e-04 1.5646819274e-04 3.1851682700e-04 5.2412360849e+03 3.5000000000e+03 3.2989515297e+03 4.6272456055e+03
1.8700000644e-01 3499 2.4732652449e-24 3.3976151292e-06 6.0079343492e-04 9.2328592490e-04 1.5704699423e-04 3.1547612582e-04 5.2062002348e+03 3.5000000000e+03 3.2919332426e+03 4.6129355469e+03
1.9249999523e-01 3499 2.4971928976e-24 3.3379036964e-06 6.0336606653e-04 9.2309080676e-04 1.5759284972e-04 3.1261246829e-04 5.1726705291e+03 3.5000000000e+03 3.2853556996e+03 4.5995244141e+03
1.9800001383e-01 3499 2.4820511953e-24 3.2833603828e-06 6.0579437237e-04 9.2290467014e-04 1.5810839610e-04 3.0990929600e-04 5.1405700500e+03 3.5000000000e+03 3.2791678188e+03 4.5869135742e+03
2.0350000262e-01 3499 2.4686582814e-24 3.2333145003e-06 6.0809162320e-04 9.2272711769e-04 1.5859592114e-04 3.0735211846e-04 5.1098259026e+03 3.5000000000e+03 3.2733257267e+03 4.5750170898e+03
2.0900000632e-01 3499 2.4164497634e-24 3.1871980087e-06 6.1026949249e-04 9.2255778409e-04 1.5905742416e-04 3.0492819624e-04 5.0803690720e+03 3.5000000000e+03 3.2677915942e+03 4.5637597656e+03
2.1449999511e-01 3499 2.4627416040e-24 3.1445278882e-06 6.1233829067e-04 9.2239633108e-04 1.5949466437e-04 3.0262628099e-04 5.0521342567e+03 3.5000000000e+03 3.2625326888e+03 4.5530786133e+03
2.2000001371e-01 3499 2.4908133774e-24 3.1048918332e-06 6.1430715908e-04 9.2224244360e-04 1.5990919978e-04 3.0043640070e-04 5.0250596924e+03 3.5000000000e+03 3.2575205939e+03 4.5429150391e+03
2.2550000250e-01 3499 2.5325560800e-24 3.0679365963e-06 6.1618423165e-04 9.2209582683e-04 1.6030241862e-04 2.9834968130e-04 4.9990869712e+03 3.5000000000e+03 3.2527305645e+03 4.5332216797e+03
2.3099999130e-01 3499 2.5119626576e-24 3.0333584533e-06 6.1797677031e-04 9.2195620367e-04 1.6067556503e-04 2.9635819753e-04 4.9741608638e+03 3.5000000000e+03 3.2481409911e+03 4.5239531250e+03
2.3650000989e-01 3499 2.4907442269e-24 3.0008953704e-06 6.1969127908e-04 9.2182331280e-04 1.6102976003e-04 2.9445484771e-04 4.9502291455e+03 3.5000000000e+03 3.2437329508e+03 4.5150732422e+03
2.4199999869e-01 3499 2.5030991756e-24 2.9703205450e-06 6.2133360059e-04 9.2169690707e-04 1.6136601888e-04 2.9263324790e-04 4.9272424292e+03 3.5000000000e+03 3.2394898316e+03 4.5065468750e+03
2.4750000238e-01 3499 2.5444519542e-24 2.9414370550e-06 6.2290899822e-04 9.2157675209e-04 1.6168526547e-04 2.9088764217e-04 4.9051540057e+03 3.5000000000e+03 3.2353970137e+03 4.4983457031e+03
2.5300002098e-01 3499 2.5144370401e-24 2.9140734109e-06 6.2442222619e-04 9.2146262508e-04 1.6198834430e-04 2.8921282602e-04 4.8839196924e+03 3.5000000000e+03 3.2314416010e+03 4.4904423828e+03
2.5850000978e-01 3499 2.5300396066e-24 2.8880798420e-06 6.2587758976e-04 9.2135431392e-04 1.6227603058e-04 2.8760408089e-04 4.8634976899e+03 3.5000000000e+03 3.2276121915e+03 4.4828139648e+03
2.6399999857e-01 3499 2.5395570006e-24 2.8633251850e-06 6.2727899699e-04 9.2125161627e-04 1.6254903871e-04 2.8605711784e-04 4.8438484463e+03 3.5000000000e+03 3.2238986828e+03 4.4754384766e+03
2.6950001717e-01 3499 2.5350724877e-24 2.8396942664e-06 6.2863000357e-04 9.2115433882e-04 1.6280802944e-04 2.8456802890e-04 4.8249345299e+03 3.5000000000e+03 3.2202921038e+03 4.4682978516e+03
2.7500000596e-01 3499 2.5431582810e-24 2.8170856938e-06 6.2993385162e-04 9.2106229667e-04 1.6305361603e-04 2.8313324498e-04 4.8067205091e+03 3.5000000000e+03 3.2167844720e+03 4.4613759766e+03
2.8049999475e-01 3499 2.5027798093e-24 2.7954099841e-06 6.3119350355e-04 9.2097531277e-04 1.6328636943e-04 2.8174949927e-04 4.7891728389e+03 3.5000000000e+03 3.2133686692e+03 4.4546557617e+03
2.8599998355e-01 3499 2.4883757255e-24 2.7745879743e-06 6.3241167157e-04 9.2089321735e-04 1.6350682282e-04 2.8041379529e-04 4.7722597550e+03 3.5000000000e+03 3.2100383350e+03 4.4481259766e+03
2.9150000215e-01 3499 2.4835759905e-24 2.7545494656e-06 6.3359084355e-04 9.2081584755e-04 1.6371547545e-04 2.7912337898e-04 4.7559511734e+03 3.5000000000e+03 3.2067877745e+03 4.4417724609e+03
2.9700002074e-01 3499 2.4804692550e-24 2.7352320647e-06 6.3473330579e-04 9.2074304695e-04 1.6391279601e-04 2.7787571418e-04 4.7402185960e+03 3.5000000000e+03 3.2036118780e+03 4.4355849609e+03
3.0250000954e-01 3499 2.4752353834e-24 2.7165801905e-06 6.3584116301e-04 9.2067466526e-04 1.6409922552e-04 2.7666846102e-04 4.7250350226e+03 3.5000000000e+03 3.2005060515e+03 4.4295537109e+03
3.0799999833e-01 3499 2.4912809063e-24 2.6985442196e-06 6.3691635603e-04 9.2061055791e-04 1.6427517990e-04 2.7549945693e-04 4.7103748668e+03 3.5000000000e+03 3.1974661560e+03 4.4236684570e+03
3.1350001693e-01 3499 2.4767934361e-24 2.6810797503e-06 6.3796067748e-04 9.2055058584e-04 1.6444105217e-04 2.7436669975e-04 4.6962138778e+03 3.5000000000e+03 3.1944884548e+03 4.4179223633e+03
3.1900000572e-01 3499 2.4945642676e-24 2.6641469667e-06 6.3897578565e-04 9.2049461515e-04 1.6459721444e-04 2.7326833279e-04 4.6825290662e+03 3.5000000000e+03 3.1915695669e+03 4.4123071289e+03
3.2449999452e-01 3499 2.5045508219e-24 2.6477100873e-06 6.3996321691e-04 9.2044251687e-04 1.6474401959e-04 2.7220263154e-04 4.6692986349e+03 3.5000000000e+03 3.1887064268e+03 4.4068149414e+03
3.3000001311e-01 3499 2.5059237274e-24 2.6317368871e-06 6.4092439674e-04 9.2039416673e-04 1.6488180284e-04 2.7116799180e-04 4.6565019124e+03 3.5000000000e+03 3.1858962492e+03 4.4014414062e+03
3.3550000191e-01 3499 2.5198748115e-24 2.6161982821e-06 6.4186064956e-04 9.2034944494e-04 1.6501088310e-04 2.7016291911e-04 4.6441192919e+03 3.5000000000e+03 3.1831364974e+03 4.3961796875e+03
3.4100002050e-01 3499 2.5101056141e-24 2.6010679664e-06 6.4277320759e-04 9.2030823598e-04 1.6513156417e-04 2.6918601929e-04 4.6321321724e+03 3.5000000000e+03 3.1804248564e+03 4.3910234375e+03
3.4650000930e-01 3499 2.5213084300e-24 2.5863220962e-06 6.4366321877e-04 9.2027042840e-04 1.6524413584e-04 2.6823598989e-04 4.6205229039e+03 3.5000000000e+03 3.1777592084e+03 4.3859702148e+03
3.5199999809e-01 3499 2.4836910347e-24 2.5719390129e-06 6.4453175389e-04 9.2023591467e-04 1.6534887483e-04 2.6731161259e-04 4.6092747356e+03 3.5000000000e+03 3.1751376119e+03 4.3810126953e+03
3.5749998689e-01 3499 2.5007740596e-24 2.5578990008e-06 6.4537981300e-04 9.2020459100e-04 1.6544604572e-04 2.6641174627e-04 4.5983717666e+03 3.5000000000e+03 3.1725582825e+03 4.3761484375e+03
3.6300003529e-01 3499 2.5079272773e-24 2.5441840739e-06 6.4620833120e-04 9.2017635717e-04 1.6553590169e-04 2.6553532086e-04 4.5877989001e+03 3.5000000000e+03 3.1700195770e+03 4.3713730469e+03
3.6850002408e-01 3499 2.5114081094e-24 2.5307777893e-06 6.4701818387e-04 9.2015111641e-04 1.6561868526e-04 2.6468133167e-04 4.5775417999e+03 3.5000000000e+03 3.1675199780e+03 4.3666831055e+03
3.7400001287e-01 3499 2.4869272413e-24 2.5176650825e-06 6.4781019141e-04 9.2012877523e-04 1.6569462895e-04 2.6384883432e-04 4.5675868489e+03 3.5000000000e+03 3.1650580816e+03 4.3620751953e+03
3.7950000167e-01 3499 2.4767483001e-24 2.5048321219e-06 6.4858512354e-04 9.2010924331e-04 1.6576395586e-04 2.6303694016e-04 4.5579211106e+03 3.5000000000e+03 3.1626325855e+03 4.3575458984e+03
3.8499999046e-01 3499 2.4624026266e-24 2.4922661810e-06 6.4934370319e-04 9.2009243337e-04 1.6582688021e-04 2.6224481204e-04 4.5485322924e+03 3.5000000000e+03 3.1602422789e+03 4.3530932617e+03
3.9050000906e-01 3499 2.4391970296e-24 2.4799555249e-06 6.5008661004e-04 9.2007826105e-04 1.6588360785e-04 2.6147166053e-04 4.5394087111e+03 3.5000000000e+03 3.1578860333e+03 4.3487133789e+03
3.9600002766e-01 3499 2.4456982048e-24 2.4678893101e-06 6.5081448379e-04 9.2006664479e-04 1.6593433670e-04 2.6071674041e-04 4.5305392602e+03 3.5000000000e+03 3.1555627948e+03 4.3444038086e+03
4.0150001645e-01 3499 2.4475274377e-24 2.4560574957e-06 6.5152792703e-04 9.2005750573e-04 1.6597925718e-04 2.5997934756e-04 4.5219133790e+03 3.5000000000e+03 3.1532715768e+03 4.3401625977e+03
4.0700000525e-01 3499 2.4326987108e-24 2.4444507640e-06 6.5222750801e-04 9.2005076760e-04 1.6601855263e-04 2.5925881600e-04 4.5135210238e+03 3.5000000000e+03 3.1510114531e+03 4.3359882812e+03
4.1250002384e-01 3499 2.4211306575e-24 2.4330604512e-06 6.5291376304e-04 9.2004635665e-04 1.6605239959e-04 2.5855451526e-04 4.5053526400e+03 3.5000000000e+03 3.1487815533e+03 4.3318769531e+03
4.1800001264e-01 3499 2.4205760224e-24 2.4218784843e-06 6.5358719878e-04 9.2004420151e-04 1.6608096823e-04 2.5786584800e-04 4.4973991365e+03 3.5000000000e+03 3.1465810565e+03 4.3278271484e+03
4.2350000143e-01 3499 2.4128222943e-24 2.4108973260e-06 6.5424829427e-04 9.2004423313e-04 1.6610442258e-04 2.5719224769e-04 4.4896518610e+03 3.5000000000e+03 3.1444091877e+03 4.3238383789e+03
4.2899999022e-01 3499 2.4184740379e-24 2.4001099250e-06 6.5489750284e-04 9.2004638471e-04 1.6612292088e-04 2.5653317664e-04 4.4821025770e+03 3.5000000000e+03 3.1422652134e+03 4.3199067383e+03
4.3450000882e-01 3499 2.4207682945e-24 2.3895096717e-06 6.5553525387e-04 9.2005059156e-04 1.6613661580e-04 2.5588812409e-04 4.4747434419e+03 3.5000000000e+03 3.1401484377e+03 4.3160322266e+03
4.4000002742e-01 3499 2.4334780524e-24 2.3790903587e-06 6.5616195436e-04 9.2005679110e-04 1.6614565472e-04 2.5525660445e-04 4.4675669859e+03 3.5000000000e+03 3.1380581997e+03 4.3122124023e+03
4.4550001621e-01 3499 2.4228543179e-24 2.3688461455e-06 6.5677799040e-04 9.2006492273e-04 1.6615017998e-04 2.5463815574e-04 4.4605660934e+03 3.5000000000e+03 3.1359938701e+03 4.3084462891e+03
4.5100000501e-01 3499 2.4124377757e-24 2.3587715267e-06 6.5738372856e-04 9.2007492775e-04 1.6615032906e-04 2.5403233810e-04 4.4537339835e+03 3.5000000000e+03 3.1339548485e+03 4.3047319336e+03
4.5649999380e-01 3499 2.4260915622e-24 2.3488613036e-06 6.5797951712e-04 9.2008674934e-04 1.6614623483e-04 2.5343873240e-04 4.4470641935e+03 3.5000000000e+03 3.1319405615e+03 4.3010683594e+03
4.6199998260e-01 3499 2.4242815460e-24 2.3391105587e-06 6.5856568723e-04 9.2010033246e-04 1.6613802571e-04 2.5285693902e-04 4.4405505617e+03 3.5000000000e+03 3.1299504605e+03 4.2974536133e+03
4.6750003099e-01 3499 2.4142452127e-24 2.3295146326e-06 6.5914255401e-04 9.2011562380e-04 1.6612582590e-04 2.5228657665e-04 4.4341872122e+03 3.5000000000e+03 3.1279840194e+03 4.2938862305e+03
4.7300001979e-01 3499 2.4144077904e-24 2.3200691035e-06 6.5971041748e-04 9.2013257171e-04 1.6610975551e-04 2.5172728120e-04 4.4279685401e+03 3.5000000000e+03 3.1260407334e+03 4.2903662109e+03
4.7850000858e-01 3499 2.3974014006e-24 2.3107697686e-06 6.6026956354e-04 9.2015112612e-04 1.6608993074e-04 2.5117870482e-04 4.4218891978e+03 3.5000000000e+03 3.1241201171e+03 4.2868920898e+03
4.8399999738e-01 3499 2.3883627809e-24 2.3016126270e-06 6.6082026478e-04 9.2017123855e-04 1.6606646406e-04 2.5064051497e-04 4.4159440814e+03 3.5000000000e+03 3.1222217032e+03 4.2834619141e+03
4.8950001597e-01 3499 2.3917285362e-24 2.2925938646e-06 6.6136278132e-04 9.2019286199e-04 1.6603946433e-04 2.5011239350e-04 4.4101283185e+03 3.5000000000e+03 3.1203450416e+03 4.2800756836e+03
4.9500000477e-01 3499 2.3891039093e-24 2.2837098409e-06 6.6189736146e-04 9.2021595087e-04 1.6600903694e-04 2.4959403589e-04 4.4044372567e+03 3.5000000000e+03 3.1184896975e+03 4.2767314453e+03
5.0050002337e-01 3499 2.3756434227e-24 2.2749570757e-06 6.6242424246e-04 9.2024046102e-04 1.6597528397e-04 2.4908515047e-04 4.3988664518e+03 3.5000000000e+03 3.1166552513e+03 4.2734287109e+03
5.0600004196e-01 3499 2.3796187782e-24 2.2663322383e-06 6.6294365110e-04 9.2026634961e-04 1.6593830429e-04 2.4858545776e-04 4.3934116581e+03 3.5000000000e+03 3.1148412969e+03 4.2701660156e+03
5.1150000095e-01 3499 2.3643869306e-24 2.2578321373e-06 6.6345580432e-04 9.2029357512e-04 1.6589819370e-04 2.4809468972e-04 4.3880688178e+03 3.5000000000e+03 3.1130474412e+03 4.2669428711e+03
5.1700001955e-01 3499 2.3708590052e-24 2.2494537112e-06 6.6396090974e-04 9.2032209726e-04 1.6585504502e-04 2.4761258926e-04 4.3828340518e+03 3.5000000000e+03 3.1112733033e+03 4.2637587891e+03
5.2249997854e-01 3499 2.3752374506e-24 2.2411940195e-06 6.6445916619e-04 9.2035187697e-04 1.6580894824e-04 2.4713890957e-04 4.3777036509e+03 3.5000000000e+03 3.1095185140e+03 4.2606127930e+03
5.2799999714e-01 3499 2.3781804922e-24 2.2330502359e-06 6.6495076420e-04 9.2038287637e-04 1.6575999058e-04 2.4667341361e-04 4.3726740674e+03 3.5000000000e+03 3.1077827145e+03 4.2575034180e+03
5.3350001574e-01 3499 2.3808089425e-24 2.2250196402e-06 6.6543588641e-04 9.2041505867e-04 1.6570825662e-04 2.4621587365e-04 4.3677419067e+03 3.5000000000e+03 3.1060655567e+03 4.2544306641e+03
5.3900003433e-01 3499 2.3922643303e-24 2.2170996125e-06 6.6591470805e-04 9.2044838822e-04 1.6565382838e-04 2.4576607073e-04 4.3629039201e+03 3.5000000000e+03 3.1043667019e+03 4.2513920898e+03
5.4449999332e-01 3499 2.3855825440e-24 2.2092876271e-06 6.6638739727e-04 9.2048283039e-04 1.6559678542e-04 2.4532379429e-04 4.3581569978e+03 3.5000000000e+03 3.1026858209e+03 4.2483891602e+03
5.5000001192e-01 3499 2.3920954006e-24 2.2015812469e-06 6.6685411555e-04 9.2051835159e-04 1.6553720493e-04 2.4488884168e-04 4.3534981617e+03 3.5000000000e+03 3.1010225931e+03 4.2454208984e+03
5.5550003052e-01 3499 2.4125670430e-24 2.1939781189e-06 6.6731501803e-04 9.2055491921e-04 1.6547516179e-04 2.4446101785e-04 4.3489245592e+03 3.5000000000e+03 3.0993767062e+03 4.2424848633e+03
5.6099998951e-01 3499 2.4216047589e-24 2.1864759689e-06 6.6777025384e-04 9.2059250159e-04 1.6541072869e-04 2.4404013491e-04 4.3444334572e+03 3.5000000000e+03 3.0977478562e+03 4.2395815430e+03
5.6650000811e-01 3499 2.4264242896e-24 2.1790725980e-06 6.6821996638e-04 9.2063106800e-04 1.6534397616e-04 2.4362601185e-04 4.3400222362e+03 3.5000000000e+03 3.0961357465e+03 4.2367104492e+03
5.7199996710e-01 3499 2.4228713509e-24 2.1717658782e-06 6.6866429365e-04 9.2067058861e-04 1.6527497269e-04 2.4321847417e-04 4.3356883849e+03 3.5000000000e+03 3.0945400878e+03 4.2338710938e+03
5.7749998569e-01 3499 2.4100761950e-24 2.1645537490e-06 6.6910336847e-04 9.2071103442e-04 1.6520378475e-04 2.4281735360e-04 4.3314294949e+03 3.5000000000e+03 3.0929605980e+03 4.2310620117e+03
5.8300000429e-01 3499 2.4175680691e-24 2.1574342141e-06 6.6953731876e-04 9.2075237731e-04 1.6513047691e-04 2.4242248780e-04 4.3272432563e+03 3.5000000000e+03 3.0913970015e+03 4.2282827148e+03
5.8850002289e-01 3499 2.4099765563e-24 2.1504053382e-06 6.6996626775e-04 9.2079458993e-04 1.6505511187e-04 2.4203372010e-04 4.3231274523e+03 3.5000000000e+03 3.0898490293e+03 4.2255336914e+03
5.9400004148e-01 3499 2.4207644261e-24 2.1434652443e-06 6.7039033426e-04 9.2083764574e-04 1.6497775052e-04 2.4165089923e-04 4.3190799553e+03 3.5000000000e+03 3.0883164186e+03 4.2228134766e+03
5.9950006008e-01 3499 2.3980865780e-24 2.1366121107e-06 6.7080963284e-04 9.2088151893e-04 1.6489845203e-04 2.4127387908e-04 4.3150987227e+03 3.5000000000e+03 3.0867989128e+03 4.2201215820e+03
6.0500001907e-01 3499 2.4042053516e-24 2.1298441690e-06 6.7122427402e-04 9.2092618444e-04 1.6481727387e-04 2.4090251850e-04 4.3111817927e+03 3.5000000000e+03 3.0852962607e+03 4.2174580078e+03
6.1050003767e-01 3499 2.4096369244e-24 2.1231597013e-06 6.7163436445e-04 9.2097161792e-04 1.6473427188e-04 2.4053668104e-04 4.3073272809e+03 3.5000000000e+03 3.0838082170e+03 4.2148208008e+03
6.1599999666e-01 3499 2.4062904776e-24 2.1165570384e-06 6.7204000712e-04 9.2101779569e-04 1.6464950036e-04 2.4017623478e-04 4.3035333762e+03 3.5000000000e+03 3.0823345418e+03 4.2122114258e+03
6.2150001526e-01 3499 2.4067558611e-24 2.1100345577e-06 6.7244130153e-04 9.2106469475e-04 1.6456301205e-04 2.3982105211e-04 4.2997983380e+03 3.5000000000e+03 3.0808750003e+03 4.2096284180e+03
6.2700003386e-01 3499 2.4135643143e-24 2.1035906809e-06 6.7283834377e-04 9.2111229275e-04 1.6447485822e-04 2.3947100957e-04 4.2961204926e+03 3.5000000000e+03 3.0794293628e+03 4.2070712891e+03
6.3249999285e-01 3499 2.4100999411e-24 2.0972238730e-06 6.7323122679e-04 9.2116056794e-04 1.6438508873e-04 2.3912598766e-04 4.2924982304e+03 3.5000000000e+03 3.0779974045e+03 4.2045395508e+03
6.3800001144e-01 3499 2.4142896679e-24 2.0909326399e-06 6.7362004042e-04 9.2120949919e-04 1.6429375205e-04 2.3878587070e-04 4.2889300027e+03 3.5000000000e+03 3.0765789055e+03 4.2020322266e+03
6.4349997044e-01 3499 2.4210094108e-24 2.0847155272e-06 6.7400487159e-04 9.2125906595e-04 1.6420089531e-04 2.3845054662e-04 4.2854143192e+03 3.5000000000e+03 3.0751736504e+03 4.1995498047e+03
6.4899998903e-01 3499 2.4247184931e-24 2.0785711186e-06 6.7438580443e-04 9.2130924824e-04 1.6410656434e-04 2.3811990687e-04 4.2819497454e+03 3.5000000000e+03 3.0737814284e+03 4.1970922852e+03
6.5450006723e-01 3499 2.4095896988e-24 2.0724980346e-06 6.7476292035e-04 9.2136002664e-04 1.6401080371e-04 2.3779384626e-04 4.2785348999e+03 3.5000000000e+03 3.0724020329e+03 4.1946582031e+03
6.6000002623e-01 3499 2.3986840456e-24 2.0664949310e-06 6.7513629821e-04 9.2141138223e-04 1.6391365680e-04 2.3747226282e-04 4.2751684523e+03 3.5000000000e+03 3.0710352616e+03 4.1922465820e+03
6.6550004482e-01 3499 2.3906760820e-24 2.0605604978e-06 6.7550601441e-04 9.2146329664e-04 1.6381516579e-04 2.3715505766e-04 4.2718491208e+03 3.5000000000e+03 3.0696809165e+03 4.1898588867e+03
6.7100000381e-01 3499 2.3953585625e-24 2.0546934581e-06 6.7587214298e-04 9.2151575199e-04 1.6371537170e-04 2.3684213487e-04 4.2685756699e+03 3.5000000000e+03 3.0683388034e+03 4.1874931641e+03
6.7650002241e-01 3499 2.4067188607e-24 2.0488925666e-06 6.7623475567e-04 9.2156873088e-04 1.6361431448e-04 2.3653340140e-04 4.2653469089e+03 3.5000000000e+03 3.0670087322e+03 4.1851494141e+03
6.8200004101e-01 3499 2.4086766408e-24 2.0431566089e-06 6.7659392206e-04 9.2162221638e-04 1.6351203298e-04 2.3622876696e-04 4.2621616895e+03 3.5000000000e+03 3.0656905165e+03 4.1828276367e+03
6.8750000000e-01 3499 2.4152291256e-24 2.0374844004e-06 6.7694970966e-04 9.2167619202e-04 1.6340856502e-04 2.3592814389e-04 4.2590189040e+03 3.5000000000e+03 3.0643839735e+03 4.1805278320e+03
6.9300001860e-01 3499 2.4053365678e-24 2.0318747851e-06 6.7730218395e-04 9.2173064178e-04 1.6330394740e-04 2.3563144707e-04 4.2559174839e+03 3.5000000000e+03 3.0630889244e+03 4.1782480469e+03
6.9849997759e-01 3499 2.4017066345e-24 2.0263266350e-06 6.7765140850e-04 9.2178555007e-04 1.6319821595e-04 2.3533859384e-04 4.2528563977e+03 3.5000000000e+03 3.0618051935e+03 4.1759892578e+03
7.0399999619e-01 3499 2.4031230315e-24 2.0208388492e-06 6.7799744501e-04 9.2184090169e-04 1.6309140555e-04 2.3504950389e-04 4.2498346500e+03 3.5000000000e+03 3.0605326089e+03 4.1737519531e+03
7.0950001478e-01 3499 2.4083916878e-24 2.0154103525e-06 6.7834035343e-04 9.2189668188e-04 1.6298355014e-04 2.3476409919e-04 4.2468512794e+03 3.5000000000e+03 3.0592710019e+03 4.1715332031e+03
7.1499997377e-01 3499 2.4115716565e-24 2.0100400956e-06 6.7868019196e-04 9.2195287625e-04 1.6287468278e-04 2.3448230390e-04 4.2439053573e+03 3.5000000000e+03 3.0580202071e+03 4.1693349609e+03
7.2049999237e-01 3499 2.4171362145e-24 2.0047270533e-06 6.7901701720e-04 9.2200947080e-04 1.6276483567e-04 2.3420404427e-04 4.2409959864e+03 3.5000000000e+03 3.0567800622e+03 4.1671557617e+03
7.2600007057e-01 3499 2.4201147962e-24 1.9994702245e-06 6.7935088411e-04 9.2206645190e-04 1.6265404014e-04 2.3392924862e-04 4.2381222999e+03 3.5000000000e+03 3.0555504083e+03 4.1649960938e+03
7.3150002956e-01 3499 2.4212756785e-24 1.9942686311e-06 6.7968184617e-04 9.2212380628e-04 1.6254232672e-04 2.3365784719e-04 4.2352834594e+03 3.5000000000e+03 3.0543310894e+03 4.1628544922e+03
7.3700004816e-01 3499 2.4252204608e-24 1.9891213174e-06 6.8000995536e-04 9.2218152100e-04 1.6242972515e-04 2.3338977216e-04 4.2324786547e+03 3.5000000000e+03 3.0531219525e+03 4.1607319336e+03
7.4250000715e-01 3499 2.4298572516e-24 1.9840273496e-06 6.8033526227e-04 9.2223958349e-04 1.6231626439e-04 2.3312495750e-04 4.2297071017e+03 3.5000000000e+03 3.0519228475e+03 4.1586274414e+03
7.4800002575e-01 3499 2.4344923533e-24 1.9789858150e-06 6.8065781610e-04 9.2229798149e-04 1.6220197264e-04 2.3286333896e-04 4.2269680421e+03 3.5000000000e+03 3.0507336271e+03 4.1565405273e+03
7.5350004435e-01 3499 2.4372775280e-24 1.9739958215e-06 6.8097766474e-04 9.2235670306e-04 1.6208687738e-04 2.3260485400e-04 4.2242607421e+03 3.5000000000e+03 3.0495541470e+03 4.1544716797e+03
7.5900000334e-01 3499 2.4402204625e-24 1.9690564968e-06 6.8129485482e-04 9.2241573657e-04 1.6197100539e-04 2.3234944172e-04 4.2215844911e+03 3.5000000000e+03 3.0483842655e+03 4.1524199219e+03
7.6450002193e-01 3499 2.4395816104e-24 1.9641669883e-06 6.8160943173e-04 9.2247507070e-04 1.6185438276e-04 2.3209704282e-04 4.2189386015e+03 3.5000000000e+03 3.0472238435e+03 4.1503852539e+03
7.6999998093e-01 3499 2.4438760005e-24 1.9593264620e-06 6.8192143971e-04 9.2253469441e-04 1.6173703490e-04 2.3184759951e-04 4.2163224069e+03 3.5000000000e+03 3.0460727446e+03 4.1483676758e+03
7.7549999952e-01 3499 2.4470476010e-24 1.9545341026e-06 6.8223092182e-04 9.2259459697e-04 1.6161898658e-04 2.3160105552e-04 4.2137352621e+03 3.5000000000e+03 3.0449308350e+03 4.1463666992e+03
7.8100001812e-01 3499 2.4519680235e-24 1.9497891122e-06 6.8253792005e-04 9.2265476789e-04 1.6150026195e-04 2.3135735600e-04 4.2111765418e+03 3.5000000000e+03 3.0437979833e+03 4.1443818359e+03
7.8649997711e-01 3499 2.4564564751e-24 1.9450907108e-06 6.8284247529e-04 9.2271519697e-04 1.6138088452e-04 2.3111644750e-04 4.2086456398e+03 3.5000000000e+03 3.0426740605e+03 4.1424130859e+03
7.9200005531e-01 3499 2.4448631574e-24 1.9404381349e-06 6.8314462744e-04 9.2277587428e-04 1.6126087722e-04 2.3087827792e-04 4.2061419687e+03 3.5000000000e+03 3.0415589401e+03 4.1404599609e+03
7.9750001431e-01 3499 2.4471890484e-24 1.9358306376e-06 6.8344441539e-04 9.2283679012e-04 1.6114026241e-04 2.3064279644e-04 4.2036649585e+03 3.5000000000e+03 3.0404524980e+03 4.1385224609e+03
8.0300003290e-01 3499 2.4408210123e-24 1.9312674882e-06 6.8374187706e-04 9.2289793507e-04 1.6101906187e-04 2.3040995352e-04 4.2012140567e+03 3.5000000000e+03 3.0393546121e+03 4.1366010742e+03
8.0850005150e-01 3499 2.4517385604e-24 1.9267479714e-06 6.8403704945e-04 9.2295929991e-04 1.6089729682e-04 2.3017970084e-04 4.1987887271e+03 3.5000000000e+03 3.0382651629e+03 4.1346938477e+03
8.1400001049e-01 3499 2.4512975262e-24 1.9222713871e-06 6.8432996866e-04 9.2302087569e-04 1.6077498799e-04 2.2995199127e-04 4.1963884493e+03 3.5000000000e+03 3.0371840328e+03 4.1328022461e+03
8.1950002909e-01 3499 2.4518787500e-24 1.9178370500e-06 6.8462066993e-04 9.2308265366e-04 1.6065215555e-04 2.2972677881e-04 4.1940127183e+03 3.5000000000e+03 3.0361111065e+03 4.1309252930e+03
8.2500004768e-01 3499 2.4548971046e-24 1.9134442895e-06 6.8490918764e-04 9.2314462531e-04 1.6052881918e-04 2.2950401858e-04 4.1916610436e+03 3.5000000000e+03 3.0350462708e+03 4.1290629883e+03
8.3050000668e-01 3499 2.4592720644e-24 1.9090924487e-06 6.8519555537e-04 9.2320678234e-04 1.6040499806e-04 2.2928366677e-04 4.1893329491e+03 3.5000000000e+03 3.0339894144e+03 4.1272143555e+03
8.3600002527e-01 3499 2.4572200708e-24 1.9047808846e-06 6.8547980590e-04 9.2326911666e-04 1.6028071092e-04 2.2906568062e-04 4.1870279721e+03 3.5000000000e+03 3.0329404282e+03 4.1253798828e+03
8.4149998426e-01 3499 2.4623389689e-24 1.9005089675e-06 6.8576197126e-04 9.2333162038e-04 1.6015597599e-04 2.2885001840e-04 4.1847456632e+03 3.5000000000e+03 3.0318992050e+03 4.1235595703e+03
8.4700000286e-01 3499 2.4624954979e-24 1.8962760806e-06 6.8604208271e-04 9.2339428581e-04 1.6003081107e-04 2.2863663932e-04 4.1824855858e+03 3.5000000000e+03 3.0308656395e+03 4.1217529297e+03
8.5250002146e-01 3499 2.4652113808e-24 1.8920816200e-06 6.8632017083e-04 9.2345710545e-04 1.5990523351e-04 2.2842550359e-04 4.1802473151e+03 3.5000000000e+03 3.0298396283e+03 4.1199594727e+03
8.5799998045e-01 3499 2.4785682883e-24 1.8879249941e-06 6.8659626547e-04 9.2352007199e-04 1.5977926023e-04 2.2821657230e-04 4.1780304384e+03 3.5000000000e+03 3.0288210698e+03 4.1181801758e+03
8.6350005865e-01 3499 2.4727882560e-24 1.8838056232e-06 6.8687039584e-04 9.2358317831e-04 1.5965290775e-04 2.2800980747e-04 4.1758345544e+03 3.5000000000e+03 3.0278098643e+03 4.1164135742e+03
8.6900001764e-01 3499 2.4782392438e-24 1.8797229396e-06 6.8714259047e-04 9.2364641746e-04 1.5952619215e-04 2.2780517198e-04 4.1736592726e+03 3.5000000000e+03 3.0268059138e+03 4.1146596680e+03
8.7450003624e-01 3499 2.4711685047e-24 1.8756763870e-06 6.8741287725e-04 9.2370978267e-04 1.5939912914e-04 2.2760262955e-04 4.1715042132e+03 3.5000000000e+03 3.0258091220e+03 4.1129184570e+03
8.8000005484e-01 3499 2.4750094373e-24 1.8716654202e-06 6.8768128348e-04 9.2377326732e-04 1.5927173404e-04 2.2740214474e-04 4.1693690064e+03 3.5000000000e+03 3.0248193946e+03 4.1111904297e+03
8.8550001383e-01 3499 2.4730740071e-24 1.8676895050e-06 6.8794783585e-04 9.2383686498e-04 1.5914402179e-04 2.2720368288e-04 4.1672532925e+03 3.5000000000e+03 3.0238366384e+03 4.1094746094e+03
8.9100003242e-01 3499 2.4737286708e-24 1.8637481180e-06 6.8821256045e-04 9.2390056937e-04 1.5901600696e-04 2.2700721009e-04 4.1651567212e+03 3.5000000000e+03 3.0228607624e+03 4.1077705078e+03
8.9649999142e-01 3499 2.4691715824e-24 1.8598407459e-06 6.8847548284e-04 9.2396437436e-04 1.5888770378e-04 2.2681269326e-04 4.1630789516e+03 3.5000000000e+03 3.0218916769e+03 4.1060791016e+03
9.0200001001e-01 3499 2.4670549327e-24 1.8559668858e-06 6.8873662802e-04 9.2402827398e-04 1.5875912612e-04 2.2662009998e-04 4.1610196514e+03 3.5000000000e+03 3.0209292937e+03 4.1043989258e+03
9.0750002861e-01 3499 2.4697836165e-24 1.8521260447e-06 6.8899602045e-04 9.2409226240e-04 1.5863028752e-04 2.2642939858e-04 4.1589784970e+03 3.5000000000e+03 3.0199735263e+03 4.1027314453e+03
9.1299998760e-01 3499 2.4728657463e-24 1.8483177391e-06 6.8925368408e-04 9.2415633395e-04 1.5850120116e-04 2.2624055807e-04 4.1569551732e+03 3.5000000000e+03 3.0190242897e+03 4.1010751953e+03
9.1850000620e-01 3499 2.4802027639e-24 1.8445414951e-06 6.8950964235e-04 9.2422048307e-04 1.5837187995e-04 2.2605354812e-04 4.1549493728e+03 3.5000000000e+03 3.0180815002e+03 4.0994306641e+03
9.2399996519e-01 3499 2.4723935390e-24 1.8407968480e-06 6.8976391824e-04 9.2428470437e-04 1.5824233645e-04 2.2586833908e-04 4.1529607962e+03 3.5000000000e+03 3.0171450757e+03 4.0977973633e+03
9.2950004339e-01 3499 2.4674799036e-24 1.8370833420e-06 6.9001653421e-04 9.2434899259e-04 1.5811258293e-04 2.2568490193e-04 4.1509891515e+03 3.5000000000e+03 3.0162149355e+03 4.0961748047e+03
9.3500006199e-01 3499 2.4566705183e-24 1.8334005303e-06 6.9026751231e-04 9.2441334256e-04 1.5798263134e-04 2.2550320825e-04 4.1490341541e+03 3.5000000000e+03 3.0152910002e+03 4.0945632324e+03
9.4050002098e-01 3499 2.4532262098e-24 1.8297479746e-06 6.9051687410e-04 9.2447774930e-04 1.5785249338e-04 2.2532323025e-04 4.1470955262e+03 3.5000000000e+03 3.0143731918e+03 4.0929631348e+03
9.4600003958e-01 3499 2.4575688502e-24 1.8261252448e-06 6.9076464072e-04 9.2454220790e-04 1.5772218043e-04 2.2514494070e-04 4.1451729971e+03 3.5000000000e+03 3.0134614336e+03 4.0913735352e+03
9.5150005817e-01 3499 2.4654224917e-24 1.8225319192e-06 6.9101083289e-04 9.2460671359e-04 1.5759170362e-04 2.2496831298e-04 4.1432663024e+03 3.5000000000e+03 3.0125556502e+03 4.0897946777e+03
9.5700001717e-01 3499 2.4645166652e-24 1.8189675842e-06 6.9125547092e-04 9.2467126173e-04 1.5746107378e-04 2.2479332098e-04 4.1413751842e+03 3.5000000000e+03 3.0116557675e+03 4.0882258301e+03
9.6250003576e-01 3499 2.4629399993e-24 1.8154318337e-06 6.9149857469e-04 9.2473584778e-04 1.5733030152e-04 2.2461993917e-04 4.1394993910e+03 3.5000000000e+03 3.0107617127e+03 4.0866679688e+03
9.6799999475e-01 3499 2.4651342552e-24 1.8119242696e-06 6.9174016373e-04 9.2480046730e-04 1.5719939716e-04 2.2444814253e-04 4.1376386769e+03 3.5000000000e+03 3.0098734141e+03 4.0851198730e+03
9.7350001335e-01 3499 2.4606941550e-24 1.8084445010e-06 6.9198025716e-04 9.2486511600e-04 1.5706837079e-04 2.2427790655e-04 4.1357928022e+03 3.5000000000e+03 3.0089908013e+03 4.0835815430e+03
9.7900003195e-01 3499 2.4618162662e-24 1.8049921445e-06 6.9221887373e-04 9.2492978965e-04 1.5693723225e-04 2.2410920723e-04 4.1339615324e+03 3.5000000000e+03 3.0081138050e+03 4.0820539551e+03
9.8449999094e-01 3499 2.4674568306e-24 1.8015668236e-06 6.9245603184e-04 9.2499448415e-04 1.5680599113e-04 2.2394202106e-04 4.1321446389e+03 3.5000000000e+03 3.0072423572e+03 4.0805358887e+03
9.9000000954e-01 3499 2.4609972195e-24 1.7981681691e-06 6.9269174953e-04 9.2505919549e-04 1.5667465682e-04 2.2377632499e-04 4.1303418981e+03 3.5000000000e+03 3.0063763907e+03 4.0790270996e+03
9.9549996853e-01 3499 2.4681012664e-24 1.7947958182e-06 6.9292604450e-04 9.2512391977e-04 1.5654323844e-04 2.2361209646e-04 4.1285530915e+03 3.5000000000e+03 3.0055158398e+03 4.0775285645e+03
1.0010000467e+00 3499 2.4622003308e-24 1.7914494152e-06 6.9315893412e-04 9.2518865318e-04 1.5641174494e-04 2.2344931334e-04 4.1267780058e+03 3.5000000000e+03 3.0046606396e+03 4.0760393066e+03
1.0065000057e+00 3499 2.4593342326e-24 1.7881286106e-06 6.9339043543e-04 9.2525339199e-04 1.5628018501e-04 2.2328795394e-04 4.1250164323e+03 3.5000000000e+03 3.0038107264e+03 4.0745590820e+03
1.0120000839e+00 3499 2.4581439979e-24 1.7848330614e-06 6.9362056515e-04 9.2531813260e-04 1.5614856717e-04 2.2312799702e-04 4.1232681672e+03 3.5000000000e+03 3.0029660376e+03 4.0730881348e+03
1.0175000429e+00 3499 2.4608983366e-24 1.7815624309e-06 6.9384933968e-04 9.2538287145e-04 1.5601689969e-04 2.2296942174e-04 4.1215330110e+03 3.5000000000e+03 3.0021265115e+03 4.0716267090e+03
1.0230000019e+00 3499 2.4563318186e-24 1.7783163883e-06 6.9407677514e-04 9.2544760510e-04 1.5588519068e-04 2.2281220768e-04 4.1198107688e+03 3.5000000000e+03 3.0012920873e+03 4.0701743164e+03
1.0285000801e+00 3499 2.4598314532e-24 1.7750946089e-06 6.9430288735e-04 9.2551233019e-04 1.5575344804e-04 2.2265633480e-04 4.1181012500e+03 3.5000000000e+03 3.0004627054e+03 4.0687307129e+03
1.0340000391e+00 3499 2.4652277460e-24 1.7718967738e-06 6.9452769182e-04 9.2557704344e-04 1.5562167948e-04 2.2250178348e-04 4.1164042681e+03 3.5000000000e+03 2.9996383072e+03 4.0672958984e+03
1.0394999981e+00 3499 2.4619939879e-24 1.7687225697e-06 6.9475120381e-04 9.2564174165e-04 1.5548989252e-04 2.2234853445e-04 4.1147196405e+03 3.5000000000e+03 2.9988188348e+03 4.0658698730e+03
1.0449999571e+00 3499 2.4575562138e-24 1.7655716892e-06 6.9497343829e-04 9.2570642169e-04 1.5535809450e-04 2.2219656882e-04 4.1130471887e+03 3.5000000000e+03 2.9980042313e+03 4.0644521484e+03
1.0505000353e+00 3499 2.4609772972e-24 1.7624438299e-06 6.9519440996e-04 9.2577108054e-04 1.5522629259e-04 2.2204586808e-04 4.1113867380e+03 3.5000000000e+03 2.9971944409e+03 4.0630432129e+03
1.0559999943e+00 3499 2.4609996519e-24 1.7593386950e-06 6.9541413327e-04 9.2583571521e-04 1.5509449377e-04 2.2189641405e-04 4.1097381174e+03 3.5000000000e+03 2.9963894085e+03 4.0616425781e+03
1.0614999533e+00 3499 2.4587285644e-24 1.7562559930e-06 6.9563262241e-04 9.2590032281e-04 1.5496270488e-04 2.2174818889e-04 4.1081011596e+03 3.5000000000e+03 2.9955890798e+03 4.0602507324e+03
1.0670000315e+00 3499 2.4619888658e-24 1.7531954373e-06 6.9584989133e-04 9.2596490054e-04 1.5483093257e-04 2.2160117513e-04 4.1064757005e+03 3.5000000000e+03 2.9947934017e+03 4.0588662109e+03
1.0724999905e+00 3499 2.4669513357e-24 1.7501567464e-06 6.9606595371e-04 9.2602944562e-04 1.5469918333e-04 2.2145535559e-04 4.1048615797e+03 3.5000000000e+03 2.9940023216e+03 4.0574904785e+03
1.0780000687e+00 3499 2.4660191096e-24 1.7471396437e-06 6.9628082302e-04 9.2609395538e-04 1.5456746350e-04 2.2131071344e-04 4.1032586400e+03 3.5000000000e+03 2.9932157878e+03 4.0561228027e+03
1.0835000277e+00 3499 2.4658727214e-24 1.7441438574e-06 6.9649451250e-04 9.2615842721e-04 1.5443577928e-04 2.2116723215e-04 4.1016667275e+03 3.5000000000e+03 2.9924337496e+03 4.0547626953e+03
1.0889999866e+00 3499 2.4653288758e-24 1.7411691204e-06 6.9670703514e-04 9.2622285855e-04 1.5430413669e-04 2.2102489549e-04 4.1000856914e+03 3.5000000000e+03 2.9916561568e+03 4.0534106445e+03
1.0945000648e+00 3499 2.4627288099e-24 1.7382151700e-06 6.9691840374e-04 9.2628724692e-04 1.5417254162e-04 2.2088368755e-04 4.0985153839e+03 3.5000000000e+03 2.9908829602e+03 4.0520668945e+03
1.1000000238e+00 3499 2.4594452633e-24 1.7352817484e-06 6.9712863085e-04 9.2635158989e-04 1.5404099982e-04 2.2074359269e-04 4.0969556602e+03 3.5000000000e+03 2.9901141113e+03 4.0507294922e+03
1.1054999828e+00 3499 2.4555739470e-24 1.7323686018e-06 6.9733772883e-04 9.2641588510e-04 1.5390951689e-04 2.2060459557e-04 4.0954063784e+03 3.5000000000e+03 2.9893495623e+03 4.0494006348e+03
1.1110000610e+00 3499 2.4625330022e-24 1.7294754809e-06 6.9754570983e-04 9.2648013025e-04 1.5377809831e-04 2.2046668112e-04 4.0938673996e+03 3.5000000000e+03 2.9885892662e+03 4.0480793457e+03
1.1165000200e+00 3499 2.4646340817e-24 1.7266021405e-06 6.9775258581e-04 9.2654432309e-04 1.5364674940e-04 2.2032983455e-04 4.0923385872e+03 3.5000000000e+03 2.9878331767e+03 4.0467653809e+03
1.1219999790e+00 3499 2.4661142801e-24 1.7237483397e-06 6.9795836850e-04 9.2660846144e-04 1.5351547537e-04 2.2019404135e-04 4.0908198078e+03 3.5000000000e+03 2.9870812482e+03 4.0454582520e+03
1.1275000572e+00 3499 2.4648798289e-24 1.7209138416e-06 6.9816306947e-04 9.2667254315e-04 1.5338428130e-04 2.2005928723e-04 4.0893109302e+03 3.5000000000e+03 2.9863334358e+03 4.0441589355e+03
1.1330000162e+00 3499 2.4645172132e-24 1.7180984131e-06 6.9836670009e-04 9.2673656616e-04 1.5325317214e-04 2.1992555820e-04 4.0878118260e+03 3.5000000000e+03 2.9855896952e+03 4.0428662109e+03
1.1384999752e+00 3499 2.4629887193e-24 1.7153018251e-06 6.9856927154e-04 9.2680052843e-04 1.5312215272e-04 2.1979284049e-04 4.0863223690e+03 3.5000000000e+03 2.9848499830e+03 4.0415815430e+03
1.1439999342e+00 3499 2.4655157167e-24 1.7125238524e-06 6.9877079483e-04 9.2686442799e-04 1.5299122775e-04 2.1966112058e-04 4.0848424358e+03 3.5000000000e+03 2.9841142562e+03 4.0403032227e+03
1.1495000124e+00 3499 2.4644492463e-24 1.7097642733e-06 6.9897128078e-04 9.2692826292e-04 1.5286040182e-04 2.1953038521e-04 4.0833719049e+03 3.5000000000e+03 2.9833824727e+03 4.0390324707e+03
1.1549999714e+00 3499 2.4607939516e-24 1.7070228699e-06 6.9917074004e-04 9.2699203134e-04 1.5272967941e-04 2.1940062133e-04 4.0819106574e+03 3.5000000000e+03 2.9826545906e+03 4.0377678223e+03
1.1604999304e+00 3499 2.4670192710e-24 1.7042994279e-06 6.9936918311e-04 9.2705573143e-04 1.5259906491e-04 2.1927181612e-04 4.0804585765e+03 3.5000000000e+03 2.9819305692e+03 4.0365104980e+03
1.1660000086e+00 3499 2.4579988823e-24 1.7015937363e-06 6.9956662031e-04 9.2711936141e-04 1.5246856255e-04 2.1914395699e-04 4.0790155477e+03 3.5000000000e+03 2.9812103679e+03 4.0352600098e+03
1.1715000868e+00 3499 2.4504860672e-24 1.6989055879e-06 6.9976306178e-04 9.2718291955e-04 1.5233817651e-04 2.1901703156e-04 4.0775814585e+03 3.5000000000e+03 2.9804939470e+03 4.0340156250e+03
1.1770000458e+00 3499 2.4449520073e-24 1.6962347784e-06 6.9995851754e-04 9.2724640417e-04 1.5220791083e-04 2.1889102768e-04 4.0761561985e+03 3.5000000000e+03 2.9797812674e+03 4.0327778320e+03
1.1825001240e+00 3499 2.4393047944e-24 1.6935811071e-06 7.0015299742e-04 9.2730981361e-04 1.5207776946e-04 2.1876593341e-04 4.0747396594e+03 3.5000000000e+03 2.9790722903e+03 4.0315471191e+03
1.1880000830e+00 3499 2.4296106027e-24 1.6909443766e-06 7.0034651112e-04 9.2737314627e-04 1.5194775624e-04 2.1864173698e-04 4.0733317347e+03 3.5000000000e+03 2.9783669777e+03 4.0303229980e+03
1.1935000420e+00 3499 2.4288887763e-24 1.6883243923e-06 7.0053906818e-04 9.2743640061e-04 1.5181787494e-04 2.1851842686e-04 4.0719323200e+03 3.5000000000e+03 2.9776652922e+03 4.0291049805e+03
1.1990001202e+00 3499 2.4316472521e-24 1.6857209631e-06 7.0073067800e-04 9.2749957511e-04 1.5168812921e-04 2.1839599171e-04 4.0705413128e+03 3.5000000000e+03 2.9769671968e+03 4.0278933105e+03
1.2045000792e+00 3499 2.4354839151e-24 1.6831339006e-06 7.0092134984e-04 9.2756266828e-04 1.5155852262e-04 2.1827442036e-04 4.0691586122e+03 3.5000000000e+03 2.9762726550e+03 4.0266879883e+03
1.2100000381e+00 3499 2.4361378726e-24 1.6805630197e-06 7.0111109280e-04 9.2762567870e-04 1.5142905863e-04 2.1815370184e-04 4.0677841193e+03 3.5000000000e+03 2.9755816309e+03 4.0254885254e+03
1.2154999971e+00 3499 2.4346498666e-24 1.6780081380e-06 7.0129991587e-04 9.2768860496e-04 1.5129974064e-04 2.1803382539e-04 4.0664177369e+03 3.5000000000e+03 2.9748940893e+03 4.0242954102e+03
1.2210000753e+00 3499 2.4332928187e-24 1.6754690760e-06 7.0148782789e-04 9.2775144570e-04 1.5117057194e-04 2.1791478038e-04 4.0650593695e+03 3.5000000000e+03 2.9742099952e+03 4.0231083984e+03
1.2265000343e+00 3499 2.4276808153e-24 1.6729456571e-06 7.0167483758e-04 9.2781419961e-04 1.5104155575e-04 2.1779655641e-04 4.0637089233e+03 3.5000000000e+03 2.9735293143e+03 4.0219274902e+03
1.2319999933e+00 3499 2.4341720296e-24 1.6704377073e-06 7.0186095350e-04 9.2787686538e-04 1.5091269520e-04 2.1767914320e-04 4.0623663060e+03 3.5000000000e+03 2.9728520127e+03 4.0207519531e+03
1.2375000715e+00 3499 2.4366088572e-24 1.6679450556e-06 7.0204618414e-04 9.2793944178e-04 1.5078399333e-04 2.1756253069e-04 4.0610314271e+03 3.5000000000e+03 2.9721780569e+03 4.0195834961e+03
1.2430000305e+00 3499 2.4360946034e-24 1.6654675333e-06 7.0223053781e-04 9.2800192757e-04 1.5065545312e-04 2.1744670896e-04 4.0597041975e+03 3.5000000000e+03 2.9715074142e+03 4.0184199219e+03
1.2484999895e+00 3499 2.4345339123e-24 1.6630049744e-06 7.0241402272e-04 9.2806432159e-04 1.5052707746e-04 2.1733166825e-04 4.0583845297e+03 3.5000000000e+03 2.9708400520e+03 4.0172629395e+03
1.2540000677e+00 3499 2.4329543404e-24 1.6605572157e-06 7.0259664698e-04 9.2812662267e-04 1.5039886916e-04 2.1721739897e-04 4.0570723376e+03 3.5000000000e+03 2.9701759383e+03 4.0161108398e+03
1.2595000267e+00 3499 2.4290932305e-24 1.6581240961e-06 7.0277841855e-04 9.2818882970e-04 1.5027083098e-04 2.1710389167e-04 4.0557675366e+03 3.5000000000e+03 2.9695150416e+03 4.0149648438e+03
1.2649999857e+00 3499 2.4272036882e-24 1.6557054573e-06 7.0295934530e-04 9.2825094159e-04 1.5014296556e-04 2.1699113709e-04 4.0544700437e+03 3.5000000000e+03 2.9688573307e+03 4.0138242188e+03
1.2704999447e+00 3499 2.4262773838e-24 1.6533011432e-06 7.0313943497e-04 9.2831295728e-04 1.5001527553e-04 2.1687912607e-04 4.0531797769e+03 3.5000000000e+03 2.9682027751e+03 4.0126894531e+03
1.2760000229e+00 3499 2.4182560255e-24 1.6509110000e-06 7.0331869521e-04 9.2837487575e-04 1.4988776339e-04 2.1676784964e-04 4.0518966559e+03 3.5000000000e+03 2.9675513444e+03 4.0115595703e+03
1.2814999819e+00 3499 2.4213759357e-24 1.6485348766e-06 7.0349713354e-04 9.2843669599e-04 1.4976043163e-04 2.1665729896e-04 4.0506206016e+03 3.5000000000e+03 2.9669030089e+03 4.0104355469e+03
1.2869999409e+00 3499 2.4221353255e-24 1.6461726237e-06 7.0367475740e-04 9.2849841705e-04 1.4963328261e-04 2.1654746531e-04 4.0493515362e+03 3.5000000000e+03 2.9662577390e+03 4.0093171387e+03
1.2925000191e+00 3499 2.4238966836e-24 1.6438240945e-06 7.0385157410e-04 9.2856003797e-04 1.4950631869e-04 2.1643834014e-04 4.0480893832e+03 3.5000000000e+03 2.9656155058e+03 4.0082043457e+03
1.2979999781e+00 3499 2.4207764294e-24 1.6414891444e-06 7.0402759086e-04 9.2862155785e-04 1.4937954211e-04 2.1632991503e-04 4.0468340673e+03 3.5000000000e+03 2.9649762807e+03 4.0070966797e+03
1.3034999371e+00 3499 2.4223845149e-24 1.6391676308e-06 7.0420281479e-04 9.2868297581e-04 1.4925295509e-04 2.1622218167e-04 4.0455855145e+03 3.5000000000e+03 2.9643400354e+03 4.0059936523e+03
1.3090001345e+00 3499 2.4091162465e-24 1.6368594133e-06 7.0437725293e-04 9.2874429097e-04 1.4912655976e-04 2.1611513191e-04 4.0443436520e+03 3.5000000000e+03 2.9637067422e+03 4.0048959961e+03
1.3145000935e+00 3499 2.4087431752e-24 1.6345643536e-06 7.0455091220e-04 9.2880550252e-04 1.4900035821e-04 2.1600875771e-04 4.0431084079e+03 3.5000000000e+03 2.9630763734e+03 4.0038041992e+03
1.3200000525e+00 3499 2.4101804474e-24 1.6322823153e-06 7.0472379942e-04 9.2886660963e-04 1.4887435246e-04 2.1590305117e-04 4.0418797118e+03 3.5000000000e+03 2.9624489021e+03 4.0027167969e+03
1.3255001307e+00 3499 2.4091620940e-24 1.6300131642e-06 7.0489592133e-04 9.2892761154e-04 1.4874854448e-04 2.1579800449e-04 4.0406574942e+03 3.5000000000e+03 2.9618243015e+03 4.0016345215e+03
1.3310000896e+00 3499 2.4132943854e-24 1.6277567679e-06 7.0506728458e-04 9.2898850747e-04 1.4862293617e-04 2.1569361001e-04 4.0394416869e+03 3.5000000000e+03 2.9612025452e+03 4.0005578613e+03
1.3365000486e+00 3499 2.4096893353e-24 1.6255129959e-06 7.0523789572e-04 9.2904929669e-04 1.4849752939e-04 2.1558986020e-04 4.0382322225e+03 3.5000000000e+03 2.9605836072e+03 3.9994855957e+03
1.3420000076e+00 3499 2.4054953407e-24 1.6232817197e-06 7.0540776123e-04 9.2910997849e-04 1.4837232595e-04 2.1548674761e-04 4.0370290348e+03 3.5000000000e+03 2.9599674618e+03 3.9984187012e+03
1.3475000858e+00 3499 2.3988238731e-24 1.6210628127e-06 7.0557688748e-04 9.2917055218e-04 1.4824732758e-04 2.1538426494e-04 4.0358320586e+03 3.5000000000e+03 2.9593540838e+03 3.9973562012e+03
1.3530000448e+00 3499 2.3971838161e-24 1.6188561498e-06 7.0574528077e-04 9.2923101709e-04 1.4812253600e-04 2.1528240498e-04 4.0346412298e+03 3.5000000000e+03 2.9587434480e+03 3.9962985840e+03
1.3585000038e+00 3499 2.3955776087e-24 1.6166616082e-06 7.0591294732e-04 9.2929137258e-04 1.4799795284e-04 2.1518116064e-04 4.0334564852e+03 3.5000000000e+03 2.9581355299e+03 3.9952458496e+03
1.3640000820e+00 3499 2.3949449948e-24 1.6144790663e-06 7.0607989326e-04 9.2935161802e-04 1.4787357971e-04 2.1508052493e-04 4.0322777625e+03 3.5000000000e+03 2.9575303051e+03 3.9941979980e+03
1.3695000410e+00 3499 2.3927841179e-24 1.6123084046e-06 7.0624612465e-04 9.2941175281e-04 1.4774941816e-04 2.1498049098e-04 4.0311050005e+03 3.5000000000e+03 2.9569277495e+03 3.9931550293e+03
1.3750000000e+00 3499 2.3858372421e-24 1.6101495052e-06 7.0641164744e-04 9.2947177636e-04 1.4762546968e-04 2.1488105201e-04 4.0299381388e+03 3.5000000000e+03 2.9563278395e+03 3.9921164551e+03
1.3805000782e+00 3499 2.3799758260e-24 1.6080022519e-06 7.0657646755e-04 9.2953168811e-04 1.4750173574e-04 2.1478220134e-04 4.0287771180e+03 3.5000000000e+03 2.9557305517e+03 3.9910820312e+03
1.3860000372e+00 3499 2.3814017477e-24 1.6058665299e-06 7.0674059079e-04 9.2959148751e-04 1.4737821775e-04 2.1468393241e-04 4.0276218795e+03 3.5000000000e+03 2.9551358628e+03 3.9900532227e+03
1.3914999962e+00 3499 2.3730664766e-24 1.6037422264e-06 7.0690402291e-04 9.2965117404e-04 1.4725491708e-04 2.1458623874e-04 4.0264723657e+03 3.5000000000e+03 2.9545437503e+03 3.9890283203e+03
1.3969999552e+00 3499 2.3716059257e-24 1.6016292298e-06 7.0706676957e-04 9.2971074719e-04 1.4713183505e-04 2.1448911395e-04 4.0253285197e+03 3.5000000000e+03 2.9539541914e+03 3.9880080566e+03
1.4025000334e+00 3499 2.3683794792e-24 1.5995274303e-06 7.0722883638e-04 9.2977020648e-04 1.4700897294e-04 2.1439255177e-04 4.0241902856e+03 3.5000000000e+03 2.9533671641e+03 3.9869921875e+03
1.4079999924e+00 3499 2.3686702638e-24 1.5974367195e-06 7.0739022887e-04 9.2982955142e-04 1.4688633199e-04 2.1429654599e-04 4.0230576083e+03 3.5000000000e+03 2.9527826463e+03 3.9859809570e+03
1.4134999514e+00 3499 2.3722054957e-24 1.5953569905e-06 7.0755095249e-04 9.2988878158e-04 1.4676391341e-04 2.1420109052e-04 4.0219304333e+03 3.5000000000e+03 2.9522006165e+03 3.9849738770e+03
1.4190000296e+00 3499 2.3710084400e-24 1.5932881379e-06 7.0771101263e-04 9.2994789651e-04 1.4664171836e-04 2.1410617936e-04 4.0208087071e+03 3.5000000000e+03 2.9516210532e+03 3.9839716797e+03
1.4244999886e+00 3499 2.3733153089e-24 1.5912300578e-06 7.0787041463e-04 9.3000689579e-04 1.4651974795e-04 2.1401180658e-04 4.0196923771e+03 3.5000000000e+03 2.9510439353e+03 3.9829726562e+03
1.4299999475e+00 3499 2.3699387167e-24 1.5891826476e-06 7.0802916372e-04 9.3006577902e-04 1.4639800327e-04 2.1391796634e-04 4.0185813910e+03 3.5000000000e+03 2.9504692420e+03 3.9819790039e+03
1.4355000257e+00 3499 2.3691368716e-24 1.5871458062e-06 7.0818726511e-04 9.3012454581e-04 1.4627648537e-04 2.1382465290e-04 4.0174756978e+03 3.5000000000e+03 2.9498969527e+03 3.9809890137e+03
1.4409999847e+00 3499 2.3608381238e-24 1.5851194338e-06 7.0834472392e-04 9.3018319579e-04 1.4615519526e-04 2.1373186060e-04 4.0163752468e+03 3.5000000000e+03 2.9493270471e+03 3.9800036621e+03
1.4465000629e+00 3499 2.3635421833e-24 1.5831034319e-06 7.0850154521e-04 9.3024172860e-04 1.4603413391e-04 2.1363958384e-04 4.0152799883e+03 3.5000000000e+03 2.9487595051e+03 3.9790222168e+03
1.4520001411e+00 3499 2.3599958434e-24 1.5810977036e-06 7.0865773399e-04 9.3030014391e-04 1.4591330226e-04 2.1354781713e-04 4.0141898731e+03 3.5000000000e+03 2.9481943068e+03 3.9780446777e+03
1.4575001001e+00 3499 2.3575842028e-24 1.5791021529e-06 7.0881329521e-04 9.3035844138e-04 1.4579270122e-04 2.1345655504e-04 4.0131048529e+03 3.5000000000e+03 2.9476314328e+03 3.9770712891e+03
1.4630000591e+00 3499 2.3584783985e-24 1.5771166853e-06 7.0896823373e-04 9.3041662070e-04 1.4567233166e-04 2.1336579223e-04 4.0120248799e+03 3.5000000000e+03 2.9470708636e+03 3.9761022949e+03
1.4685000181e+00 3499 2.3557137364e-24 1.5751412076e-06 7.0912255438e-04 9.3047468157e-04 1.4555219442e-04 2.1327552342e-04 4.0109499070e+03 3.5000000000e+03 2.9465125802e+03 3.9751374512e+03
1.4740000963e+00 3499 2.3588368557e-24 1.5731756278e-06 7.0927626193e-04 9.3053262372e-04 1.4543229030e-04 2.1318574342e-04 4.0098798879e+03 3.5000000000e+03 2.9459565637e+03 3.9741762695e+03
1.4795000553e+00 3499 2.3584896705e-24 1.5712198550e-06 7.0942936109e-04 9.3059044686e-04 1.4531262009e-04 2.1309644711e-04 4.0088147769e+03 3.5000000000e+03 2.9454027955e+03 3.9732189941e+03
1.4850000143e+00 3499 2.3594883657e-24 1.5692737996e-06 7.0958185650e-04 9.3064815074e-04 1.4519318452e-04 2.1300762944e-04 4.0077545286e+03 3.5000000000e+03 2.9448512572e+03 3.9722656250e+03
1.4905000925e+00 3499 2.3609761359e-24 1.5673373733e-06 7.0973375276e-04 9.3070573511e-04 1.4507398431e-04 2.1291928544e-04 4.0066990988e+03 3.5000000000e+03 2.9443019305e+03 3.9713166504e+03
1.4960000515e+00 3499 2.3629836720e-24 1.5654104886e-06 7.0988505441e-04 9.3076319974e-04 1.4495502015e-04 2.1283141020e-04 4.0056484434e+03 3.5000000000e+03 2.9437547976e+03 3.9703708496e+03
1.5015000105e+00 3499 2.3619173131e-24 1.5634930595e-06 7.1003576595e-04 9.3082054442e-04 1.4483629270e-04 2.1274399887e-04 4.0046025192e+03 3.5000000000e+03 2.9432098407e+03 3.9694296875e+03
1.5070000887e+00 3499 2.3645529511e-24 1.5615850010e-06 7.1018589181e-04 9.3087776892e-04 1.4471780258e-04 2.1265704669e-04 4.0035612834e+03 3.5000000000e+03 2.9426670422e+03 3.9684914551e+03
1.5125000477e+00 3499 2.3650289482e-24 1.5596862291e-06 7.1033543636e-04 9.3093487307e-04 1.4459955039e-04 2.1257054895e-04 4.0025246940e+03 3.5000000000e+03 2.9421263849e+03 3.9675573730e+03
1.5180000067e+00 3499 2.3628351527e-24 1.5577966610e-06 7.1048440395e-04 9.3099185666e-04 1.4448153671e-04 2.1248450102e-04 4.0014927093e+03 3.5000000000e+03 2.9415878517e+03 3.9666274414e+03
1.5234999657e+00 3499 2.3631467256e-24 1.5559162148e-06 7.1063279885e-04 9.3104871952e-04 1.4436376209e-04 2.1239889831e-04 4.0004652884e+03 3.5000000000e+03 2.9410514255e+03 3.9657009277e+03
1.5290000439e+00 3499 2.3591147281e-24 1.5540448100e-06 7.1078062531e-04 9.3110546151e-04 1.4424622704e-04 2.1231373633e-04 3.9994423907e+03 3.5000000000e+03 2.9405170898e+03 3.9647780762e+03
1.5345000029e+00 3499 2.3591770184e-24 1.5521823667e-06 7.1092788750e-04 9.3116208245e-04 1.4412893207e-04 2.1222901061e-04 3.9984239764e+03 3.5000000000e+03 2.9399848279e+03 3.9638588867e+03
1.5399999619e+00 3499 2.3591676453e-24 1.5503288063e-06 7.1107458956e-04 9.3121858221e-04 1.4401187764e-04 2.1214471677e-04 3.9974100060e+03 3.5000000000e+03 2.9394546237e+03 3.9629431152e+03
1.5455000401e+00 3499 2.3609738042e-24 1.5484840512e-06 7.1122073559e-04 9.3127496066e-04 1.4389506421e-04 2.1206085049e-04 3.9964004408e+03 3.5000000000e+03 2.9389264609e+03 3.9620312500e+03
1.5509999990e+00 3499 2.3637184281e-24 1.5466480245e-06 7.1136632962e-04 9.3133121768e-04 1.4377849219e-04 2.1197740749e-04 3.9953952422e+03 3.5000000000e+03 2.9384003237e+03 3.9611228027e+03
1.5564999580e+00 3499 2.3611613124e-24 1.5448206506e-06 7.1151137565e-04 9.3138735316e-04 1.4366216198e-04 2.1189438355e-04 3.9943943725e+03 3.5000000000e+03 2.9378761962e+03 3.9602185059e+03
1.5620000362e+00 3499 2.3574582533e-24 1.5430018546e-06 7.1165587764e-04 9.3144336699e-04 1.4354607397e-04 2.1181177454e-04 3.9933977942e+03 3.5000000000e+03 2.9373540630e+03 3.9593168945e+03
1.5674999952e+00 3499 2.3567433555e-24 1.5411915628e-06 7.1179983949e-04 9.3149925909e-04 1.4343022851e-04 2.1172957634e-04 3.9924054706e+03 3.5000000000e+03 2.9368339086e+03 3.9584191895e+03
1.5729999542e+00 3499 2.3607107388e-24 1.5393897021e-06 7.1194326508e-04 9.3155502936e-04 1.4331462593e-04 2.1164778492e-04 3.9914173651e+03 3.5000000000e+03 2.9363157178e+03 3.9575246582e+03
1.5784999132e+00 3499 2.3608244954e-24 1.5375962006e-06 7.1208615821e-04 9.3161067774e-04 1.4319926655e-04 2.1156639629e-04 3.9904334418e+03 3.5000000000e+03 2.9357994756e+03 3.9566337891e+03
1.5840001106e+00 3499 2.3558830791e-24 1.5358109871e-06 7.1222852268e-04 9.3166620417e-04 1.4308415064e-04 2.1148540651e-04 3.9894536652e+03 3.5000000000e+03 2.9352851672e+03 3.9557463379e+03
1.5895000696e+00 3499 2.3546636881e-24 1.5340339913e-06 7.1237036222e-04 9.3172160858e-04 1.4296927850e-04 2.1140481170e-04 3.9884780003e+03 3.5000000000e+03 2.9347727778e+03 3.9548615723e+03
1.5950000286e+00 3499 2.3482091476e-24 1.5322651439e-06 7.1251168053e-04 9.3177689093e-04 1.4285465036e-04 2.1132460803e-04 3.9875064126e+03 3.5000000000e+03 2.9342622929e+03 3.9539809570e+03
1.6005001068e+00 3499 2.3466254043e-24 1.5305043763e-06 7.1265248126e-04 9.3183205118e-04 1.4274026645e-04 2.1124479172e-04 3.9865388678e+03 3.5000000000e+03 2.9337536982e+03 3.9531040039e+03
1.6060000658e+00 3499 2.3424639527e-24 1.5287516207e-06 7.1279276803e-04 9.3188708930e-04 1.4262612700e-04 2.1116535904e-04 3.9855753323e+03 3.5000000000e+03 2.9332469795e+03 3.9522297363e+03
1.6115000248e+00 3499 2.3397064191e-24 1.5270068104e-06 7.1293254442e-04 9.3194200527e-04 1.4251223219e-04 2.1108630631e-04 3.9846157726e+03 3.5000000000e+03 2.9327421227e+03 3.9513591309e+03
1.6170001030e+00 3499 2.3393696909e-24 1.5252698792e-06 7.1307181397e-04 9.3199679906e-04 1.4239858219e-04 2.1100762990e-04 3.9836601561e+03 3.5000000000e+03 2.9322391141e+03 3.9504912109e+03
1.6225000620e+00 3499 2.3403691443e-24 1.5235407619e-06 7.1321058017e-04 9.3205147068e-04 1.4228517717e-04 2.1092932621e-04 3.9827084501e+03 3.5000000000e+03 2.9317379397e+03 3.9496271973e+03
1.6280000210e+00 3499 2.3367900185e-24 1.5218193939e-06 7.1334884650e-04 9.3210602011e-04 1.4217201726e-04 2.1085139173e-04 3.9817606227e+03 3.5000000000e+03 2.9312385862e+03 3.9487656250e+03
1.6335000992e+00 3499 2.3368428708e-24 1.5201057116e-06 7.1348661638e-04 9.3216044738e-04 1.4205910258e-04 2.1077382294e-04 3.9808166421e+03 3.5000000000e+03 2.9307410400e+03 3.9479079590e+03
1.6390000582e+00 3499 2.3397722700e-24 1.5183996519e-06 7.1362389320e-04 9.3221475249e-04 1.4194643324e-04 2.1069661642e-04 3.9798764770e+03 3.5000000000e+03 2.9302452880e+03 3.9470532227e+03
1.6445000172e+00 3499 2.3393218217e-24 1.5167011528e-06 7.1376068031e-04 9.3226893546e-04 1.4183400933e-04 2.1061976875e-04 3.9789400966e+03 3.5000000000e+03 2.9297513169e+03 3.9462016602e+03
1.6500000954e+00 3499 2.3343949187e-24 1.5150101526e-06 7.1389698103e-04 9.3232299632e-04 1.4172183092e-04 2.1054327657e-04 3.9780074703e+03 3.5000000000e+03 2.9292591139e+03 3.9453530273e+03
1.6555000544e+00 3499 2.3358284311e-24 1.5133265908e-06 7.1403279864e-04 9.3237693510e-04 1.4160989807e-04 2.1046713659e-04 3.9770785680e+03 3.5000000000e+03 2.9287686661e+03 3.9445073242e+03
1.6610000134e+00 3499 2.3383229093e-24 1.5116504072e-06 7.1416813640e-04 9.3243075185e-04 1.4149821082e-04 2.1039134551e-04 3.9761533599e+03 3.5000000000e+03 2.9282799608e+03 3.9436655273e+03
1.6664999723e+00 3499 2.3381748789e-24 1.5099815425e-06 7.1430299752e-04 9.3248444662e-04 1.4138676919e-04 2.1031590013e-04 3.9752318166e+03 3.5000000000e+03 2.9277929854e+03 3.9428261719e+03
1.6720000505e+00 3499 2.3349689583e-24 1.5083199382e-06 7.1443738518e-04 9.3253801945e-04 1.4127557319e-04 2.1024079723e-04 3.9743139089e+03 3.5000000000e+03 2.9273077276e+03 3.9419897461e+03
1.6775000095e+00 3499 2.3303696370e-24 1.5066655362e-06 7.1457130254e-04 9.3259147040e-04 1.4116462283e-04 2.1016603369e-04 3.9733996082e+03 3.5000000000e+03 2.9268241751e+03 3.9411569824e+03
1.6829999685e+00 3499 2.3367776883e-24 1.5050182794e-06 7.1470475270e-04 9.3264479955e-04 1.4105391809e-04 2.1009160639e-04 3.9724888861e+03 3.5000000000e+03 2.9263423157e+03 3.9403264160e+03
1.6885000467e+00 3499 2.3366765554e-24 1.5033781112e-06 7.1483773875e-04 9.3269800696e-04 1.4094345892e-04 2.1001751226e-04 3.9715817145e+03 3.5000000000e+03 2.9258621374e+03 3.9394992676e+03
1.6940000057e+00 3499 2.3287455794e-24 1.5017449755e-06 7.1497026374e-04 9.3275109270e-04 1.4083324530e-04 2.0994374827e-04 3.9706780657e+03 3.5000000000e+03 2.9253836283e+03 3.9386748047e+03
1.6994999647e+00 3499 2.3342442502e-24 1.5001188172e-06 7.1510233071e-04 9.3280405687e-04 1.4072327716e-04 2.0987031144e-04 3.9697779124e+03 3.5000000000e+03 2.9249067767e+03 3.9378535156e+03
1.7050000429e+00 3499 2.3310267600e-24 1.4984995814e-06 7.1523394263e-04 9.3285689955e-04 1.4061355443e-04 2.0979719880e-04 3.9688812274e+03 3.5000000000e+03 2.9244315709e+03 3.9370349121e+03
1.7105000019e+00 3499 2.3319786684e-24 1.4968872144e-06 7.1536510247e-04 9.3290962082e-04 1.4050407703e-04 2.0972440745e-04 3.9679879841e+03 3.5000000000e+03 2.9239579995e+03 3.9362194824e+03
1.7159999609e+00 3499 2.3325694588e-24 1.4952816625e-06 7.1549581316e-04 9.3296222080e-04 1.4039484486e-04 2.0965193451e-04 3.9670981559e+03 3.5000000000e+03 2.9234860510e+03 3.9354064941e+03
1.7215001583e+00 3499 2.3312818349e-24 1.4936828730e-06 7.1562607760e-04 9.3301469958e-04 1.4028585782e-04 2.0957977712e-04 3.9662117168e+03 3.5000000000e+03 2.9230157143e+03 3.9345966797e+03
1.7270001173e+00 3499 2.3355901787e-24 1.4920907937e-06 7.1575589867e-04 9.3306705727e-04 1.4017711578e-04 2.0950793248e-04 3.9653286409e+03 3.5000000000e+03 2.9225469780e+03 3.9337897949e+03
1.7325000763e+00 3499 2.3359958362e-24 1.4905053730e-06 7.1588527920e-04 9.3311929398e-04 1.4006861862e-04 2.0943639782e-04 3.9644489027e+03 3.5000000000e+03 2.9220798313e+03 3.9329853516e+03
1.7380000353e+00 3499 2.3285337481e-24 1.4889265598e-06 7.1601422202e-04 9.3317140983e-04 1.3996036618e-04 2.0936517040e-04 3.9635724769e+03 3.5000000000e+03 2.9216142632e+03 3.9321843262e+03
1.7435001135e+00 3499 2.3282941842e-24 1.4873543037e-06 7.1614272990e-04 9.3322340495e-04 1.3985235832e-04 2.0929424751e-04 3.9626993387e+03 3.5000000000e+03 2.9211502630e+03 3.9313852539e+03
1.7490000725e+00 3499 2.3311398806e-24 1.4857885548e-06 7.1627080562e-04 9.3327527946e-04 1.3974459488e-04 2.0922362648e-04 3.9618294633e+03 3.5000000000e+03 2.9206878198e+03 3.9305895996e+03
1.7545000315e+00 3499 2.3305856285e-24 1.4842292637e-06 7.1639845190e-04 9.3332703349e-04 1.3963707567e-04 2.0915330467e-04 3.9609628264e+03 3.5000000000e+03 2.9202269232e+03 3.9297956543e+03
1.7600001097e+00 3499 2.3275625766e-24 1.4826763817e-06 7.1652567145e-04 9.3337866717e-04 1.3952980052e-04 2.0908327947e-04 3.9600994038e+03 3.5000000000e+03 2.9197675627e+03 3.9290056152e+03
1.7655000687e+00 3499 2.3261505498e-24 1.4811298604e-06 7.1665246695e-04 9.3343018066e-04 1.3942276922e-04 2.0901354831e-04 3.9592391718e+03 3.5000000000e+03 2.9193097280e+03 3.9282180176e+03
1.7710000277e+00 3499 2.3247002777e-24 1.4795896523e-06 7.1677884105e-04 9.3348157408e-04 1.3931598158e-04 2.0894410864e-04 3.9583821068e+03 3.5000000000e+03 2.9188534087e+03 3.9274331055e+03
1.7765001059e+00 3499 2.3268283446e-24 1.4780557100e-06 7.1690479638e-04 9.3353284759e-04 1.3920943737e-04 2.0887495795e-04 3.9575281854e+03 3.5000000000e+03 2.9183985948e+03 3.9266503906e+03
1.7820000648e+00 3499 2.3210927799e-24 1.4765279870e-06 7.1703033555e-04 9.3358400133e-04 1.3910313637e-04 2.0880609376e-04 3.9566773847e+03 3.5000000000e+03 2.9179452762e+03 3.9258701172e+03
1.7875000238e+00 3499 2.3241695887e-24 1.4750064371e-06 7.1715546112e-04 9.3363503547e-04 1.3899707835e-04 2.0873751361e-04 3.9558296818e+03 3.5000000000e+03 2.9174934430e+03 3.9250930176e+03
1.7929999828e+00 3499 2.3269667021e-24 1.4734910145e-06 7.1728017567e-04 9.3368595016e-04 1.3889126307e-04 2.0866921508e-04 3.9549850542e+03 3.5000000000e+03 2.9170430853e+03 3.9243186035e+03
1.7985000610e+00 3499 2.3274665247e-24 1.4719816742e-06 7.1740448170e-04 9.3373674557e-04 1.3878569027e-04 2.0860119578e-04 3.9541434796e+03 3.5000000000e+03 2.9165941935e+03 3.9235466309e+03
1.8040000200e+00 3499 2.3307499410e-24 1.4704783715e-06 7.1752838173e-04 9.3378742186e-04 1.3868035970e-04 2.0853345333e-04 3.9533049361e+03 3.5000000000e+03 2.9161467578e+03 3.9227768555e+03
1.8094999790e+00 3499 2.3277577863e-24 1.4689810622e-06 7.1765187823e-04 9.3383797920e-04 1.3857527109e-04 2.0846598541e-04 3.9524694017e+03 3.5000000000e+03 2.9157007687e+03 3.9220097656e+03
1.8150000572e+00 3499 2.3329861494e-24 1.4674897026e-06 7.1777497367e-04 9.3388841776e-04 1.3847042415e-04 2.0839878971e-04 3.9516368550e+03 3.5000000000e+03 2.9152562168e+03 3.9212458496e+03
1.8205000162e+00 3499 2.3323124275e-24 1.4660042494e-06 7.1789767048e-04 9.3393873772e-04 1.3836581861e-04 2.0833186393e-04 3.9508072746e+03 3.5000000000e+03 2.9148130928e+03 3.9204841309e+03
1.8259999752e+00 3499 2.3320842182e-24 1.4645246599e-06 7.1801997106e-04 9.3398893927e-04 1.3826145418e-04 2.0826520583e-04 3.9499806394e+03 3.5000000000e+03 2.9143713874e+03 3.9197246094e+03
1.8315000534e+00 3499 2.3320014723e-24 1.4630508918e-06 7.1814187782e-04 9.3403902257e-04 1.3815733054e-04 2.0819881318e-04 3.9491569287e+03 3.5000000000e+03 2.9139310913e+03 3.9189682617e+03
1.8370000124e+00 3499 2.3323727629e-24 1.4615829031e-06 7.1826339310e-04 9.3408898782e-04 1.3805344740e-04 2.0813268377e-04 3.9483361216e+03 3.5000000000e+03 2.9134921957e+03 3.9182133789e+03
1.8424999714e+00 3499 2.3327495244e-24 1.4601206525e-06 7.1838451927e-04 9.3413883520e-04 1.3794980445e-04 2.0806681543e-04 3.9475181979e+03 3.5000000000e+03 2.9130546914e+03 3.9174619141e+03
1.8479999304e+00 3499 2.3337811824e-24 1.4586640990e-06 7.1850525863e-04 9.3418856491e-04 1.3784640135e-04 2.0800120601e-04 3.9467031373e+03 3.5000000000e+03 2.9126185696e+03 3.9167124023e+03
1.8535000086e+00 3499 2.3329462908e-24 1.4572132020e-06 7.1862561350e-04 9.3423817714e-04 1.3774323778e-04 2.0793585338e-04 3.9458909198e+03 3.5000000000e+03 2.9121838214e+03 3.9159655762e+03
1.8590000868e+00 3499 2.3323422118e-24 1.4557679213e-06 7.1874558614e-04 9.3428767209e-04 1.3764031341e-04 2.0787075544e-04 3.9450815257e+03 3.5000000000e+03 2.9117504382e+03 3.9152207031e+03
1.8645000458e+00 3499 2.3345304240e-24 1.4543282174e-06 7.1886517883e-04 9.3433704995e-04 1.3753762788e-04 2.0780591012e-04 3.9442749354e+03 3.5000000000e+03 2.9113184114e+03 3.9144782715e+03
1.8700001240e+00 3499 2.3355285939e-24 1.4528940508e-06 7.1898439379e-04 9.3438631093e-04 1.3743518087e-04 2.0774131535e-04 3.9434711296e+03 3.5000000000e+03 2.9108877323e+03 3.9137385254e+03
1.8755000830e+00 3499 2.3330395780e-24 1.4514653828e-06 7.1910323325e-04 9.3443545523e-04 1.3733297200e-04 2.0767696913e-04 3.9426700892e+03 3.5000000000e+03 2.9104583925e+03 3.9130012207e+03
1.8810000420e+00 3499 2.3278841819e-24 1.4500421748e-06 7.1922169941e-04 9.3448448307e-04 1.3723100092e-04 2.0761286943e-04 3.9418717950e+03 3.5000000000e+03 2.9100303836e+03 3.9122661133e+03
1.8865001202e+00 3499 2.3229220279e-24 1.4486243887e-06 7.1933979443e-04 9.3453339464e-04 1.3712926726e-04 2.0754901427e-04 3.9410762285e+03 3.5000000000e+03 2.9096036973e+03 3.9115332031e+03
1.8920000792e+00 3499 2.3269044822e-24 1.4472119868e-06 7.1945752049e-04 9.3458219016e-04 1.3702777066e-04 2.0748540170e-04 3.9402833711e+03 3.5000000000e+03 2.9091783255e+03 3.9108027344e+03
1.8975000381e+00 3499 2.3295453157e-24 1.4458049320e-06 7.1957487971e-04 9.3463086985e-04 1.3692651072e-04 2.0742202978e-04 3.9394932044e+03 3.5000000000e+03 2.9087542599e+03 3.9100744629e+03
1.9030001163e+00 3499 2.3295198646e-24 1.4444031871e-06 7.1969187422e-04 9.3467943392e-04 1.3682548707e-04 2.0735889660e-04 3.9387057102e+03 3.5000000000e+03 2.9083314924e+03 3.9093491211e+03
1.9085000753e+00 3499 2.3280331289e-24 1.4430067158e-06 7.1980850613e-04 9.3472788259e-04 1.3672469931e-04 2.0729600025e-04 3.9379208706e+03 3.5000000000e+03 2.9079100152e+03 3.9086254883e+03
1.9140000343e+00 3499 2.3270597977e-24 1.4416154818e-06 7.1992477750e-04 9.3477621608e-04 1.3662414706e-04 2.0723333888e-04 3.9371386678e+03 3.5000000000e+03 2.9074898202e+03 3.9079038086e+03
1.9194999933e+00 3499 2.3275559443e-24 1.4402294493e-06 7.2004069041e-04 9.3482443461e-04 1.3652382991e-04 2.0717091062e-04 3.9363590841e+03 3.5000000000e+03 2.9070708997e+03 3.9071845703e+03
1.9250000715e+00 3499 2.3202184293e-24 1.4388485829e-06 7.2015624689e-04 9.3487253840e-04 1.3642374746e-04 2.0710871365e-04 3.9355821021e+03 3.5000000000e+03 2.9066532459e+03 3.9064680176e+03
1.9305000305e+00 3499 2.3252414301e-24 1.4374728476e-06 7.2027144899e-04 9.3492052769e-04 1.3632389930e-04 2.0704674617e-04 3.9348077045e+03 3.5000000000e+03 2.9062368511e+03 3.9057531738e+03
1.9359999895e+00 3499 2.3268015641e-24 1.4361022085e-06 7.2038629870e-04 9.3496840270e-04 1.3622428501e-04 2.0698500637e-04 3.9340358744e+03 3.5000000000e+03 2.9058217076e+03 3.9050412598e+03
1.9415000677e+00 3499 2.3301351639e-24 1.4347366313e-06 7.2050079802e-04 9.3501616366e-04 1.3612490418e-04 2.0692349250e-04 3.9332665946e+03 3.5000000000e+03 2.9054078080e+03 3.9043308105e+03
1.9470000267e+00 3499 2.3340860989e-24 1.4333760820e-06 7.2061494893e-04 9.3506381081e-04 1.3602575638e-04 2.0686220280e-04 3.9324998487e+03 3.5000000000e+03 2.9049951447e+03 3.9036230469e+03
1.9524999857e+00 3499 2.3346830009e-24 1.4320205268e-06 7.2072875337e-04 9.3511134437e-04 1.3592684118e-04 2.0680113555e-04 3.9317356198e+03 3.5000000000e+03 2.9045837104e+03 3.9029169922e+03
1.9580000639e+00 3499 2.3348397202e-24 1.4306699325e-06 7.2084221330e-04 9.3515876458e-04 1.3582815816e-04 2.0674028903e-04 3.9309738918e+03 3.5000000000e+03 2.9041734976e+03 3.9022133789e+03
1.9635000229e+00 3499 2.3353738117e-24 1.4293242660e-06 7.2095533063e-04 9.3520607167e-04 1.3572970687e-04 2.0667966155e-04 3.9302146482e+03 3.5000000000e+03 2.9037644992e+03 3.9015119629e+03
1.9689999819e+00 3499 2.3381948447e-24 1.4279834946e-06 7.2106810727e-04 9.3525326590e-04 1.3563148688e-04 2.0661925145e-04 3.9294578730e+03 3.5000000000e+03 2.9033567080e+03 3.9008125000e+03
1.9744999409e+00 3499 2.3395191990e-24 1.4266475858e-06 7.2118054512e-04 9.3530034748e-04 1.3553349774e-04 2.0655905706e-04 3.9287035504e+03 3.5000000000e+03 2.9029501167e+03 3.9001152344e+03
1.9800000191e+00 3499 2.3381599792e-24 1.4253165078e-06 7.2129264604e-04 9.3534731668e-04 1.3543573900e-04 2.0649907676e-04 3.9279516646e+03 3.5000000000e+03 2.9025447184e+03 3.8994201660e+03
1.9854999781e+00 3499 2.3336786353e-24 1.4239902286e-06 7.2140441190e-04 9.3539417372e-04 1.3533821022e-04 2.0643930892e-04 3.9272021998e+03 3.5000000000e+03 2.9021405060e+03 3.8987272949e+03
1.9909999371e+00 3499 2.3352631091e-24 1.4226687169e-06 7.2151584454e-04 9.3544091886e-04 1.3524091094e-04 2.0637975194e-04 3.9264551408e+03 3.5000000000e+03 2.9017374726e+03 3.8980363770e+03
1.9965001345e+00 3499 2.3347993428e-24 1.4213519415e-06 7.2162694578e-04 9.3548755234e-04 1.3514384069e-04 2.0632040425e-04 3.9257104722e+03 3.5000000000e+03 2.9013356113e+03 3.8973474121e+03
2.0020000935e+00 3499 2.3358026557e-24 1.4200398717e-06 7.2173771744e-04 9.3553407439e-04 1.3504699902e-04 2.0626126427e-04 3.9249681788e+03 3.5000000000e+03 2.9009349153e+03 3.8966599121e+03
2.0075001717e+00 3499 2.3416417266e-24 1.4187324768e-06 7.2184816132e-04 9.3558048529e-04 1.3495038546e-04 2.0620233045e-04 3.9242282456e+03 3.5000000000e+03 2.9005353778e+03 3.8959753418e+03
2.0130000114e+00 3499 2.3392672134e-24 1.4174297267e-06 7.2195827918e-04 9.3562678526e-04 1.3485399955e-04 2.0614360128e-04 3.9234906579e+03 3.5000000000e+03 2.9001369922e+03 3.8952924805e+03
2.0185000896e+00 3499 2.3404663051e-24 1.4161315914e-06 7.2206807281e-04 9.3567297456e-04 1.3475784080e-04 2.0608507522e-04 3.9227554008e+03 3.5000000000e+03 2.8997397518e+03 3.8946123047e+03
2.0240001678e+00 3499 2.3412597234e-24 1.4148380412e-06 7.2217754395e-04 9.3571905345e-04 1.3466190876e-04 2.0602675079e-04 3.9220224598e+03 3.5000000000e+03 2.8993436501e+03 3.8939335938e+03
2.0295000076e+00 3499 2.3357348351e-24 1.4135490469e-06 7.2228669434e-04 9.3576502217e-04 1.3456620293e-04 2.0596862650e-04 3.9212918205e+03 3.5000000000e+03 2.8989486804e+03 3.8932565918e+03
2.0350000858e+00 3499 2.3370866687e-24 1.4122645792e-06 7.2239552571e-04 9.3581088098e-04 1.3447072284e-04 2.0591070088e-04 3.9205634685e+03 3.5000000000e+03 2.8985548365e+03 3.8925820312e+03
2.0405001640e+00 3499 2.3354528367e-24 1.4109846093e-06 7.2250403975e-04 9.3585663014e-04 1.3437546801e-04 2.0585297249e-04 3.9198373897e+03 3.5000000000e+03 2.8981621118e+03 3.8919091797e+03
2.0460000038e+00 3499 2.3399264761e-24 1.4097091089e-06 7.2261223817e-04 9.3590226989e-04 1.3428043795e-04 2.0579543988e-04 3.9191135702e+03 3.5000000000e+03 2.8977705000e+03 3.8912382812e+03
2.0515000820e+00 3499 2.3358686745e-24 1.4084380494e-06 7.2272012264e-04 9.3594780049e-04 1.3418563217e-04 2.0573810164e-04 3.9183919959e+03 3.5000000000e+03 2.8973799949e+03 3.8905693359e+03
2.0570001602e+00 3499 2.3379530114e-24 1.4071714031e-06 7.2282769484e-04 9.3599322221e-04 1.3409105019e-04 2.0568095636e-04 3.9176726532e+03 3.5000000000e+03 2.8969905902e+03 3.8899023438e+03
2.0625000000e+00 3499 2.3385903656e-24 1.4059091420e-06 7.2293495641e-04 9.3603853529e-04 1.3399669150e-04 2.0562400265e-04 3.9169555284e+03 3.5000000000e+03 2.8966022798e+03 3.8892373047e+03
2.0680000782e+00 3499 2.3395379577e-24 1.4046512388e-06 7.2304190899e-04 9.3608374000e-04 1.3390255562e-04 2.0556723914e-04 3.9162406081e+03 3.5000000000e+03 2.8962150574e+03 3.8885744629e+03
2.0734999180e+00 3499 2.3390122270e-24 1.4033976662e-06 7.2314855422e-04 9.3612883660e-04 1.3380864204e-04 2.0551066447e-04 3.9155278788e+03 3.5000000000e+03 2.8958289172e+03 3.8879133301e+03
2.0789999962e+00 3499 2.3366184787e-24 1.4021483972e-06 7.2325489370e-04 9.3617382535e-04 1.3371495027e-04 2.0545427728e-04 3.9148173272e+03 3.5000000000e+03 2.8954438529e+03 3.8872536621e+03
2.0845000744e+00 3499 2.3398124585e-24 1.4009034051e-06 7.2336092903e-04 9.3621870650e-04 1.3362147980e-04 2.0539807625e-04 3.9141089404e+03 3.5000000000e+03 2.8950598588e+03 3.8865966797e+03
2.0899999142e+00 3499 2.3361987751e-24 1.3996626635e-06 7.2346666180e-04 9.3626348033e-04 1.3352823013e-04 2.0534206007e-04 3.9134027052e+03 3.5000000000e+03 2.8946769288e+03 3.8859414062e+03
2.0954999924e+00 3499 2.3348796339e-24 1.3984261462e-06 7.2357209359e-04 9.3630814709e-04 1.3343520076e-04 2.0528622741e-04 3.9126986089e+03 3.5000000000e+03 2.8942950571e+03 3.8852875977e+03
2.1010000706e+00 3499 2.3309920724e-24 1.3971938270e-06 7.2367722596e-04 9.3635270704e-04 1.3334239117e-04 2.0523057700e-04 3.9119966385e+03 3.5000000000e+03 2.8939142379e+03 3.8846359863e+03
2.1064999104e+00 3499 2.3309607060e-24 1.3959656804e-06 7.2378206045e-04 9.3639716045e-04 1.3324980086e-04 2.0517510755e-04 3.9112967816e+03 3.5000000000e+03 2.8935344655e+03 3.8839858398e+03
2.1119999886e+00 3499 2.3262873187e-24 1.3947416807e-06 7.2388659860e-04 9.3644150759e-04 1.3315742932e-04 2.0511981780e-04 3.9105990255e+03 3.5000000000e+03 2.8931557341e+03 3.8833376465e+03
2.1175000668e+00 3499 2.3267400914e-24 1.3935218027e-06 7.2399084194e-04 9.3648574871e-04 1.3306527603e-04 2.0506470650e-04 3.9099033578e+03 3.5000000000e+03 2.8927780380e+03 3.8826914062e+03
2.1229999065e+00 3499 2.3269328427e-24 1.3923060214e-06 7.2409479199e-04 9.3652988409e-04 1.3297334048e-04 2.0500977241e-04 3.9092097663e+03 3.5000000000e+03 2.8924013718e+03 3.8820471191e+03
2.1284999847e+00 3499 2.3254735420e-24 1.3910943119e-06 7.2419845023e-04 9.3657391399e-04 1.3288162215e-04 2.0495501431e-04 3.9085182388e+03 3.5000000000e+03 2.8920257297e+03 3.8814045410e+03
2.1340000629e+00 3499 2.3263550916e-24 1.3898866497e-06 7.2430181817e-04 9.3661783867e-04 1.3279012053e-04 2.0490043098e-04 3.9078287631e+03 3.5000000000e+03 2.8916511063e+03 3.8807636719e+03
2.1395001411e+00 3499 2.3263879394e-24 1.3886830103e-06 7.2440489727e-04 9.3666165840e-04 1.3269883509e-04 2.0484602122e-04 3.9071413274e+03 3.5000000000e+03 2.8912774961e+03 3.8801250000e+03
2.1449999809e+00 3499 2.3308061189e-24 1.3874833696e-06 7.2450768901e-04 9.3670537345e-04 1.3260776532e-04 2.0479178384e-04 3.9064559197e+03 3.5000000000e+03 2.8909048937e+03 3.8794873047e+03
2.1505000591e+00 3499 2.3326806084e-24 1.3862877038e-06 7.2461019484e-04 9.3674898409e-04 1.3251691070e-04 2.0473771767e-04 3.9057725282e+03 3.5000000000e+03 2.8905332937e+03 3.8788520508e+03
2.1560001373e+00 3499 2.3332791534e-24 1.3850959890e-06 7.2471241620e-04 9.3679249058e-04 1.3242627069e-04 2.0468382153e-04 3.9050911415e+03 3.5000000000e+03 2.8901626907e+03 3.8782182617e+03
2.1614999771e+00 3499 2.3356024182e-24 1.3839082017e-06 7.2481435452e-04 9.3683589319e-04 1.3233584479e-04 2.0463009429e-04 3.9044117478e+03 3.5000000000e+03 2.8897930796e+03 3.8775864258e+03
2.1670000553e+00 3499 2.3333451376e-24 1.3827243187e-06 7.2491601122e-04 9.3687919220e-04 1.3224563246e-04 2.0457653480e-04 3.9037343358e+03 3.5000000000e+03 2.8894244549e+03 3.8769562988e+03
2.1725001335e+00 3499 2.3301298618e-24 1.3815443168e-06 7.2501738772e-04 9.3692238786e-04 1.3215563317e-04 2.0452314192e-04 3.9030588942e+03 3.5000000000e+03 2.8890568116e+03 3.8763278809e+03
2.1779999733e+00 3499 2.3260417097e-24 1.3803681732e-06 7.2511848542e-04 9.3696548045e-04 1.3206584641e-04 2.0446991454e-04 3.9023854116e+03 3.5000000000e+03 2.8886901445e+03 3.8757009277e+03
2.1835000515e+00 3499 2.3273524810e-24 1.3791958651e-06 7.2521930569e-04 9.3700847024e-04 1.3197627164e-04 2.0441685156e-04 3.9017138770e+03 3.5000000000e+03 2.8883244485e+03 3.8750759277e+03
2.1890001297e+00 3499 2.3230324707e-24 1.3780273702e-06 7.2531984993e-04 9.3705135749e-04 1.3188690833e-04 2.0436395188e-04 3.9010442792e+03 3.5000000000e+03 2.8879597184e+03 3.8744526367e+03
2.1944999695e+00 3499 2.3249117086e-24 1.3768626661e-06 7.2542011949e-04 9.3709414248e-04 1.3179775595e-04 2.0431121440e-04 3.9003766075e+03 3.5000000000e+03 2.8875959493e+03 3.8738310547e+03
