# i  k  rho  u  p t
0.0000000000e+00 1749 0.0000000000e+00 0.0000000000e+00 0.0000000000e+00 7.8996809152e-01 0.0000000000e+00 2.1003190428e-01 5.0000000000e+02 3.5340000000e+03 2.3409000000e+04 9.0718066406e+03 3.1650504738e+01
1.5000000130e-03 1749 -1.7539047299e-19 1.7170994079e-10 2.7043679800e-09 7.8996809805e-01 3.3161701340e-10 2.1003190456e-01 5.5759419856e+02 3.5343519374e+03 2.3397861005e+04 9.0683925781e+03 3.1650503316e+01
3.0000000261e-03 1749 -1.1545718683e-19 8.5382445252e-10 1.1354473827e-08 7.8996805525e-01 1.8324698161e-09 2.1003188840e-01 6.1328469146e+02 3.5348056916e+03 2.3383499454e+04 9.0639892578e+03 3.1650504351e+01
4.5000002719e-03 1749 3.1289861782e-21 2.8332595347e-09 3.4547284465e-08 7.8996807464e-01 6.5660923955e-09 2.1003188048e-01 6.6737436538e+02 3.5353591427e+03 2.3365982448e+04 9.0586171875e+03 3.1650504627e+01
6.0000000522e-03 1749 -3.2955210569e-20 7.7159072440e-09 8.8663445136e-08 7.8996802703e-01 1.9014714364e-08 2.1003183684e-01 7.2007953726e+02 3.5360071774e+03 2.3345471821e+04 9.0523242188e+03 3.1650506934e+01
7.5000002980e-03 1749 -3.2981002400e-20 1.8424921387e-08 2.0182880550e-07 7.8996797714e-01 4.7910703710e-08 2.1003175782e-01 7.7155910377e+02 3.5367427883e+03 2.3322189363e+04 9.0451767578e+03 3.1650506923e+01
9.0000005439e-03 1749 7.5329917330e-20 3.9829045973e-08 4.1854977194e-07 7.8996782338e-01 1.0884594306e-07 2.1003158905e-01 8.2193335836e+02 3.5375579937e+03 2.3296387696e+04 9.0372509766e+03 3.1650511274e+01
1.0500000790e-02 1749 -1.5855621577e-19 7.9479148817e-08 8.0480316440e-07 7.8996757917e-01 2.2775309769e-07 2.1003129262e-01 8.7129625546e+02 3.5384446028e+03 2.3268326054e+04 9.0286250000e+03 3.1650514949e+01
1.2000000104e-02 1749 -1.0409026201e-19 1.4842016169e-07 1.4533371216e-06 7.8996715462e-01 4.4530751390e-07 2.1003078479e-01 9.1972328576e+02 3.5393948397e+03 2.3238250544e+04 9.0193720703e+03 3.1650516675e+01
1.3500001281e-02 1749 3.3298978409e-20 2.6203990221e-07 2.4889485292e-06 7.8996646897e-01 8.2225308163e-07 2.1002996143e-01 9.6727678497e+02 3.5404018464e+03 2.3206378182e+04 9.0095595703e+03 3.1650516878e+01
1.5000000596e-02 1749 2.3803951518e-19 4.4091339447e-07 4.0735312619e-06 7.8996536286e-01 1.4456046945e-06 2.1002867002e-01 1.0140111732e+03 3.5414600643e+03 2.3172884763e+04 8.9992353516e+03 3.1650521084e+01
1.6499999911e-02 1749 2.3574504659e-19 7.1160764427e-07 6.4107063056e-06 7.8996374358e-01 2.4356575594e-06 2.1002674348e-01 1.0599701508e+03 3.5425635517e+03 2.3137957960e+04 8.9884589844e+03 3.1650524888e+01
1.8000001088e-02 1749 1.7322756637e-19 1.1073953576e-06 9.7496301766e-06 7.8996131026e-01 3.9536521030e-06 2.1002392247e-01 1.1051801737e+03 3.5437061932e+03 2.3101790386e+04 8.9772861328e+03 3.1650529023e+01
1.9500000402e-02 1749 1.9971323338e-19 1.6688591342e-06 1.4388261553e-05 7.8995776980e-01 6.2099546637e-06 2.1001990828e-01 1.1496696843e+03 3.5448827949e+03 2.3064544228e+04 8.9657617188e+03 3.1650535966e+01
2.1000001580e-02 1749 1.6224804499e-19 2.4443860181e-06 2.0676083704e-05 7.8995296700e-01 9.4726582526e-06 2.1001439290e-01 1.1934685291e+03 3.5460888964e+03 2.3026356006e+04 8.9539277344e+03 3.1650544944e+01
2.2500000894e-02 1749 1.4740167518e-19 3.4905275493e-06 2.9016143354e-05 7.8994650278e-01 1.4076385898e-05 2.1000695342e-01 1.2366073645e+03 3.5473205346e+03 2.2987342041e+04 8.9418144531e+03 3.1650569623e+01
2.4000000209e-02 1749 1.8358295279e-19 4.8722568331e-06 3.9866717305e-05 7.8993775036e-01 2.0431288384e-05 2.0999705213e-01 1.2791183135e+03 3.5485739859e+03 2.2947603620e+04 8.9294443359e+03 3.1650606085e+01
2.5500001386e-02 1749 1.2185318669e-19 6.6631203128e-06 5.3742626302e-05 7.8992635786e-01 2.9032071806e-05 2.0998416625e-01 1.3210353497e+03 3.5498454403e+03 2.2907233228e+04 8.9168388672e+03 3.1650676172e+01
2.7000002563e-02 1749 2.1271926241e-20 8.9453066044e-06 7.1216374778e-05 7.8991170559e-01 4.0466993724e-05 2.0996763977e-01 1.3623948886e+03 3.5511306352e+03 2.2866321177e+04 8.9040117188e+03 3.1650807737e+01
2.8500000015e-02 1749 1.1371143633e-19 1.1809686246e-05 9.2919540366e-05 7.8989313057e-01 5.5426920086e-05 2.0994673912e-01 1.4032366659e+03 3.5524244850e+03 2.2824962001e+04 8.8909755859e+03 3.1651028066e+01
3.0000001192e-02 1749 2.7039830805e-19 1.5355893549e-05 1.1954491000e-04 7.8986975037e-01 7.4714694326e-05 2.0992060184e-01 1.4436049738e+03 3.5537207691e+03 2.2783259484e+04 8.8777333984e+03 3.1651387603e+01
3.1500000507e-02 1749 2.0982965290e-19 1.9692399253e-05 1.5184897351e-04 7.8984085520e-01 9.9254406077e-05 2.0988833620e-01 1.4835489499e+03 3.5550119113e+03 2.2741330466e+04 8.8642929688e+03 3.1651958066e+01
3.2999999821e-02 1749 1.3358384769e-19 2.4936793866e-05 1.9065640316e-04 7.8980544810e-01 1.3010171707e-04 2.0984889292e-01 1.5231240832e+03 3.5562889961e+03 2.2699303911e+04 8.8506552734e+03 3.1652816104e+01
3.4500002861e-02 1749 9.6329680669e-20 3.1216206709e-05 2.3686596462e-04 7.8976237138e-01 1.6845483883e-04 2.0980109192e-01 1.5623930075e+03 3.5575420175e+03 2.2657316319e+04 8.8368173828e+03 3.1654062120e+01
3.6000002176e-02 1749 1.1356365659e-19 3.8667896618e-05 2.9145820928e-04 7.8971054965e-01 2.1566637403e-04 2.0974367875e-01 1.6014260716e+03 3.5587603966e+03 2.2615502672e+04 8.8227714844e+03 3.1655798402e+01
3.7500001490e-02 1749 2.7051915323e-19 4.7440244703e-05 3.5550676997e-04 7.8964859094e-01 2.7325762776e-04 2.0967520781e-01 1.6403027735e+03 3.5599337703e+03 2.2573982281e+04 8.8085039062e+03 3.1658142762e+01
3.9000000805e-02 1749 3.7707492970e-19 5.7693881482e-05 4.3019149842e-04 7.8957508901e-01 3.4293385499e-04 2.0959411072e-01 1.6791121491e+03 3.5610529146e+03 2.2532842961e+04 8.7939912109e+03 3.1661206855e+01
4.0500003844e-02 1749 2.3251085598e-19 6.9603177950e-05 5.1681548320e-04 7.8948836816e-01 4.2660212938e-04 2.0949861357e-01 1.7179536959e+03 3.5621107287e+03 2.2492123810e+04 8.7791962891e+03 3.1665091570e+01
4.2000003159e-02 1749 1.1593323368e-19 8.3357846608e-05 6.1682447779e-04 7.8938664881e-01 5.2639020639e-04 2.0938676454e-01 1.7569376677e+03 3.5631031150e+03 2.2451800077e+04 8.7640742188e+03 3.1669884771e+01
4.3499998748e-02 1749 2.1880621886e-19 9.9165058429e-05 7.3183222569e-04 7.8926791627e-01 6.4466944007e-04 2.0925637820e-01 1.7961862122e+03 3.5640296669e+03 2.2411770640e+04 8.7485576172e+03 3.1675650700e+01
4.5000001788e-02 1749 2.8795718664e-19 1.1725178753e-04 8.6365016057e-04 7.8912999645e-01 7.8407984162e-04 2.0910503194e-01 1.8358341560e+03 3.5648940373e+03 2.2371850884e+04 8.7325673828e+03 3.1682433136e+01
4.6500001103e-02 1749 3.9725468874e-19 1.3786683630e-04 1.0143182893e-03 7.8897024667e-01 9.4755283077e-04 2.0892996019e-01 1.8760288194e+03 3.5657039357e+03 2.2331772278e+04 8.7160029297e+03 3.1690258614e+01
4.8000000417e-02 1749 2.9631648990e-19 1.6128412895e-04 1.1861495225e-03 7.8878607556e-01 1.1383435942e-03 2.0872815906e-01 1.9169317485e+03 3.5664708155e+03 2.2291185641e+04 8.6987509766e+03 3.1699123660e+01
4.9500003457e-02 1749 3.0787102759e-19 1.8780549205e-04 1.3817755800e-03 7.8857422110e-01 1.3600593833e-03 2.0849616146e-01 1.9587190828e+03 3.5672092301e+03 2.2249670585e+04 8.6806738281e+03 3.1709018947e+01
5.1000002772e-02 1749 3.1852431175e-19 2.1776381099e-04 1.6042020149e-03 7.8833119354e-01 1.6166893786e-03 2.0823011673e-01 2.0015819370e+03 3.5679359630e+03 2.2206748419e+04 8.6616191406e+03 3.1719921611e+01
5.2500002086e-02 1749 2.5977100159e-19 2.5152701530e-04 1.8568771445e-03 7.8805324540e-01 1.9126402107e-03 2.0792573578e-01 2.0457275812e+03 3.5686690266e+03 2.2161896320e+04 8.6414199219e+03 3.1731822949e+01
5.4000005126e-02 1749 2.5624491464e-19 2.8950137096e-04 2.1437653607e-03 7.8773591468e-01 2.2527634319e-03 2.0757812324e-01 2.0913793173e+03 3.5694265709e+03 2.2114563414e+04 8.6198886719e+03 3.1744718771e+01
5.5500004441e-02 1749 2.4378763493e-19 3.3213441848e-04 2.4694290168e-03 7.8737425580e-01 2.6423763446e-03 2.0718179076e-01 2.1387756317e+03 3.5702257732e+03 2.2064187171e+04 8.5968251953e+03 3.1758629498e+01
5.7000000030e-02 1749 2.7978439266e-19 3.7991777735e-04 2.8391225777e-03 7.8696305072e-01 3.0872779083e-03 2.0673066053e-01 2.1881691785e+03 3.5710817533e+03 2.2010208660e+04 8.5720156250e+03 3.1773603853e+01
5.8499999344e-02 1749 1.3534502129e-19 4.3338713547e-04 3.2588804493e-03 7.8649615180e-01 3.5937354488e-03 2.0621785155e-01 2.2398235732e+03 3.5720065036e+03 2.1952088266e+04 8.5452294922e+03 3.1789729357e+01
6.0000002384e-02 1749 3.9921961827e-19 4.9311839207e-04 3.7355907999e-03 7.8596707420e-01 4.1684308403e-03 2.0563581951e-01 2.2940072213e+03 3.5730078282e+03 2.1889322451e+04 8.5162324219e+03 3.1807136250e+01
6.1500001699e-02 1749 4.1469778454e-19 5.5971776389e-04 4.2770364246e-03 7.8536861912e-01 4.8183470138e-03 2.0497627641e-01 2.3509843540e+03 3.5740883063e+03 2.1821461210e+04 8.4847802734e+03 3.1825991680e+01
6.3000001013e-02 1749 3.7693458112e-19 6.3380460287e-04 4.8918875978e-03 7.8469332812e-01 5.5505845775e-03 2.0423038010e-01 2.4110027399e+03 3.5752443003e+03 2.1748126362e+04 8.4506347656e+03 3.1846500933e+01
6.4500004053e-02 1749 3.9788754223e-19 7.1598106904e-04 5.5895877299e-03 7.8393352988e-01 6.3720553391e-03 2.0338891223e-01 2.4742756200e+03 3.5764650131e+03 2.1669033368e+04 8.4135664062e+03 3.1868895822e+01
6.5999999642e-02 1749 4.6116663376e-19 8.0678668331e-04 6.3800929166e-03 7.8308147398e-01 7.2890362996e-03 2.0244260182e-01 2.5409584231e+03 3.5777316878e+03 2.1584015907e+04 8.3733750000e+03 3.1893417604e+01
6.7500002682e-02 1749 3.2618458877e-19 9.0664135580e-04 7.2734630746e-03 7.8213040231e-01 8.3066233862e-03 2.0138280735e-01 2.6111237228e+03 3.5790171243e+03 2.1493048714e+04 8.3299042969e+03 3.1920292670e+01
6.9000005722e-02 1749 3.2641221619e-19 1.0157672128e-03 8.2791751086e-03 7.8107487286e-01 9.4279882197e-03 2.0020220885e-01 2.6847295376e+03 3.5802855522e+03 2.1396275489e+04 8.2830673828e+03 3.1949684559e+01
7.0500001311e-02 1749 2.1393314270e-19 1.1341046771e-03 9.4052323450e-03 7.7991142098e-01 1.0653584819e-02 1.9889570896e-01 2.7615910069e+03 3.5814931744e+03 2.1294029995e+04 8.2328681641e+03 3.1981675057e+01
7.2000004351e-02 1749 4.4916503879e-19 1.2612292989e-03 1.0657072373e-02 7.7863978346e-01 1.1980354502e-02 1.9746158513e-01 2.8413566982e+03 3.5825894850e+03 2.1186850266e+04 8.1794301758e+03 3.2016188596e+01
7.3500007391e-02 1749 5.5484224662e-19 1.3962756415e-03 1.2036277252e-02 7.7726382330e-01 1.3400965054e-02 1.9590264980e-01 2.9234903414e+03 3.5835194157e+03 2.1075487081e+04 8.1230170898e+03 3.2052973824e+01
7.5000002980e-02 1749 5.1637473063e-19 1.5378959117e-03 1.3539334126e-02 7.7579215744e-01 1.4903335253e-02 1.9422720582e-01 3.0072697496e+03 3.5842264184e+03 2.0960893447e+04 8.0640493164e+03 3.2091546749e+01
7.6499998569e-02 1749 4.3330410041e-19 1.6842642399e-03 1.5156600355e-02 7.7423878858e-01 1.6470531824e-02 1.9244977025e-01 3.0918026545e+03 3.5846562415e+03 2.0844197252e+04 8.0031059570e+03 3.2131180265e+01
7.8000001609e-02 1749 5.2865128951e-20 1.8331327794e-03 1.6871650470e-02 7.7262288649e-01 1.8081096378e-02 1.9059123034e-01 3.1760592667e+03 3.5847610793e+03 2.0726658816e+04 7.9409130859e+03 3.2170904137e+01
7.9499997199e-02 1749 7.1309472059e-20 1.9819441436e-03 1.8661236050e-02 7.7096851475e-01 1.9709875125e-02 1.8867850131e-01 3.2589212536e+03 3.5845036640e+03 2.0609614229e+04 7.8783193359e+03 3.2209531932e+01
8.1000007689e-02 1749 2.8649612958e-19 2.1279970380e-03 2.0496082556e-02 7.6930331625e-01 2.1329386789e-02 1.8674329817e-01 3.3392474082e+03 3.5838607311e+03 2.0494402912e+04 7.8162490234e+03 3.2245736657e+01
8.2500003278e-02 1749 2.8622663384e-19 2.2686228468e-03 2.2342263417e-02 7.6765714427e-01 2.2911357229e-02 1.8482054506e-01 3.4159365997e+03 3.5828254364e+03 2.0382305005e+04 7.7556552734e+03 3.2278111165e+01
8.4000006318e-02 1749 4.1598545474e-19 2.4013807105e-03 2.4163439596e-02 7.6606044426e-01 2.4428598969e-02 1.8294616115e-01 3.4879983749e+03 3.5814082385e+03 2.0274470543e+04 7.6974604492e+03 3.2305298767e+01
8.5500001907e-02 1749 3.3326228013e-19 2.5242035729e-03 2.5923193991e-02 7.6454145508e-01 2.5856557455e-02 1.8115460130e-01 3.5546036950e+03 3.5796363431e+03 2.0171876830e+04 7.6424970703e+03 3.2326097551e+01
8.6999997497e-02 1749 1.8210846080e-19 2.6355178961e-03 2.7587654522e-02 7.6312527757e-01 2.7174786456e-02 1.7947677099e-01 3.6151277318e+03 3.5775515874e+03 2.0075292850e+04 7.5914672852e+03 3.2339560055e+01
8.8500000536e-02 1749 2.8128810770e-19 2.7342971998e-03 2.9127708268e-02 7.6183195775e-01 2.8367880715e-02 1.7793807471e-01 3.6691704954e+03 3.5752072740e+03 1.9985268777e+04 7.5449033203e+03 3.2345069083e+01
9.0000003576e-02 1749 7.3262835168e-20 2.8200666255e-03 3.0520732706e-02 7.6067595274e-01 2.9425977377e-02 1.7655722470e-01 3.7165599782e+03 3.5726643344e+03 1.9902141575e+04 7.5031567383e+03 3.2342389482e+01
9.1500006616e-02 1749 2.5456683958e-19 2.8928622658e-03 3.1751640543e-02 7.5966521460e-01 3.0344786580e-02 1.7534545820e-01 3.7573404083e+03 3.5699872116e+03 1.9826051466e+04 7.4663891602e+03 3.2331686169e+01
9.3000002205e-02 1749 4.4809623170e-19 2.9531597853e-03 3.2813182571e-02 7.5880173925e-01 3.1125224014e-02 1.7430665766e-01 3.7917465835e+03 3.5672400018e+03 1.9756968675e+04 7.4345864258e+03 3.2313497004e+01
9.4500005245e-02 1749 -4.5182975353e-20 3.0017851009e-03 3.3705577853e-02 7.5808203939e-01 3.1772740817e-02 1.7343789522e-01 3.8201706726e+03 3.5644830333e+03 1.9694721670e+04 7.4075776367e+03 3.2288675978e+01
9.6000000834e-02 1749 3.1978942437e-19 3.0398152266e-03 3.4435530948e-02 7.5749779692e-01 3.2296407282e-02 1.7273042085e-01 3.8431228520e+03 3.5617703109e+03 1.9639028961e+04 7.3850678711e+03 3.2258304539e+01
9.7500003874e-02 1749 2.8858906077e-19 3.0684884791e-03 3.5014972525e-02 7.5703744643e-01 3.2707978830e-02 1.7217104389e-01 3.8611929764e+03 3.5591475608e+03 1.9589524199e+04 7.3666674805e+03 3.2223618840e+01
9.9000006914e-02 1749 5.4290854810e-19 3.0891168930e-03 3.5459515694e-02 7.5668697387e-01 3.3020876408e-02 1.7174347994e-01 3.8750122812e+03 3.5566512786e+03 1.9545782391e+04 7.3519277344e+03 3.2185900389e+01
1.0050000995e-01 1749 1.4085919980e-19 3.1030147204e-03 3.5786956509e-02 7.5643107400e-01 3.3249278290e-02 1.7142973207e-01 3.8852202557e+03 3.5543083681e+03 1.9507339774e+04 7.3403676758e+03 3.2146399402e+01
1.0200000554e-01 1749 1.8335311322e-19 3.1114395909e-03 3.6015877058e-02 7.5625403090e-01 3.3407311894e-02 1.7121131233e-01 3.8924363748e+03 3.5521364805e+03 1.9473712101e+04 7.3315039062e+03 3.2106258583e+01
1.0350000113e-01 1749 1.4104828603e-19 3.1155516804e-03 3.6164515897e-02 7.5614112297e-01 3.3508436874e-02 1.7107040104e-01 3.8972383032e+03 3.5501447916e+03 1.9444409311e+04 7.3248745117e+03 3.2066477754e+01
1.0500000417e-01 1749 2.1860789817e-19 3.1163813906e-03 3.6249846378e-02 7.5607845930e-01 3.3564934506e-02 1.7099044727e-01 3.9001463890e+03 3.5483351799e+03 1.9418948732e+04 7.3200502930e+03 3.2027852626e+01
1.0649999976e-01 1749 -9.5872662618e-20 3.1148153339e-03 3.6287006232e-02 7.5605378389e-01 3.3587622526e-02 1.7095677067e-01 3.9016145268e+03 3.5467036039e+03 1.9396865979e+04 7.3166484375e+03 3.1991001423e+01
1.0800001025e-01 1749 6.3788106015e-20 3.1115926363e-03 3.6288987142e-02 7.5605684517e-01 3.3585715907e-02 1.7095686557e-01 3.9020266512e+03 3.5452414639e+03 1.9377722670e+04 7.3143422852e+03 3.1956348265e+01
1.0950000584e-01 1749 -1.5667792139e-19 3.1073085085e-03 3.6266524297e-02 7.5607906741e-01 3.3566794165e-02 1.7098038126e-01 3.9016977631e+03 3.5439370767e+03 1.9361114176e+04 7.3128540039e+03 3.1924143790e+01
1.1100000888e-01 1749 -3.0214600490e-19 3.1024257380e-03 3.6228177761e-02 7.5611346583e-01 3.3536885757e-02 1.7101902934e-01 3.9008785158e+03 3.5427768400e+03 1.9346672976e+04 7.3119575195e+03 3.1894502554e+01
1.1250000447e-01 1749 -4.9152573212e-19 3.0972932144e-03 3.6180559162e-02 7.5615500255e-01 3.3500646654e-02 1.7106650190e-01 3.8997621626e+03 3.5417463866e+03 1.9334072342e+04 7.3114746094e+03 3.1867420359e+01
1.1400000006e-01 1749 -7.1103801318e-19 3.0921610459e-03 3.6128563433e-02 7.5619965503e-01 3.3461520682e-02 1.7111805114e-01 3.8984927346e+03 3.5408314008e+03 1.9323026707e+04 7.3112685547e+03 3.1842808172e+01
1.1550000310e-01 1749 -8.7833102066e-19 3.0872015285e-03 3.6075689897e-02 7.5624476564e-01 3.3421972622e-02 1.7117033897e-01 3.8971736172e+03 3.5400182783e+03 1.9313291280e+04 7.3112358398e+03 3.1820537705e+01
1.1699999869e-01 1749 -6.1308124305e-19 3.0825249527e-03 3.6024310668e-02 7.5628841684e-01 3.3383672172e-02 1.7122107129e-01 3.8958757996e+03 3.5392945670e+03 1.9304660257e+04 7.3113027344e+03 3.1800432180e+01
1.1850000918e-01 1749 -2.8372584363e-19 3.0781955701e-03 3.5975938557e-02 7.5632942994e-01 3.3347683556e-02 1.7126879621e-01 3.8946452447e+03 3.5386491847e+03 1.9296963555e+04 7.3114169922e+03 3.1782317698e+01
1.2000000477e-01 1749 -3.2492266354e-19 3.0742440565e-03 3.5931445550e-02 7.5636703343e-01 3.3314617045e-02 1.7131265270e-01 3.8935093208e+03 3.5380725517e+03 1.9290063626e+04 7.3115434570e+03 3.1766014465e+01
1.2150000781e-01 1749 -4.2675907962e-19 3.0706785700e-03 3.5891254385e-02 7.5640099282e-01 3.3284766204e-02 1.7135226035e-01 3.8924819312e+03 3.5375565219e+03 1.9283850840e+04 7.3116596680e+03 3.1751352593e+01
1.2300000340e-01 1749 -2.8850850344e-19 3.0674919471e-03 3.5855473407e-02 7.5643128474e-01 3.3258200682e-02 1.7138753227e-01 3.8915676842e+03 3.5370943070e+03 1.9278239580e+04 7.3117548828e+03 3.1738181234e+01
1.2449999899e-01 1749 -7.3033884879e-20 3.0646671522e-03 3.5824000587e-02 7.5645798113e-01 3.3234839255e-02 1.7141856615e-01 3.8907649695e+03 3.5366802908e+03 1.9273163681e+04 7.3118232422e+03 3.1726373443e+01
1.2600000203e-01 1749 4.4489196396e-20 3.0621810343e-03 3.5796598387e-02 7.5648110914e-01 3.3214502086e-02 1.7144555091e-01 3.8900682633e+03 3.5363098453e+03 1.9268572399e+04 7.3118613281e+03 3.1715808015e+01
1.2750001252e-01 1749 -2.5857829633e-19 3.0600094066e-03 3.5772976419e-02 7.5650119523e-01 3.3196975549e-02 1.7146884692e-01 3.8894697572e+03 3.5359791322e+03 1.9264426642e+04 7.3118740234e+03 3.1706380841e+01
1.2900000811e-01 1749 -9.7625349142e-20 3.0581252960e-03 3.5752788051e-02 7.5651837371e-01 3.3182001122e-02 1.7148875450e-01 3.8889604829e+03 3.5356849147e+03 1.9260695624e+04 7.3118632812e+03 3.1698006486e+01
1.3050000370e-01 1749 -2.5018446667e-19 3.0565021220e-03 3.5735679887e-02 7.5653290751e-01 3.3169316304e-02 1.7150561309e-01 3.8885310437e+03 3.5354243758e+03 1.9257353865e+04 7.3118334961e+03 3.1690603369e+01
1.3199999928e-01 1749 -3.7143775325e-19 3.0551140176e-03 3.5721303945e-02 7.5654508071e-01 3.3158662594e-02 1.7151976365e-01 3.8881721228e+03 3.5351949869e+03 1.9254379012e+04 7.3117890625e+03 3.1684095854e+01
1.3350000978e-01 1749 -2.5350127018e-19 3.0539366216e-03 3.5709332602e-02 7.5655530389e-01 3.3149797504e-02 1.7153156493e-01 3.8878747820e+03 3.5349943917e+03 1.9251750004e+04 7.3117353516e+03 3.1678419789e+01
1.3500000536e-01 1749 -4.9929894308e-19 3.0529461165e-03 3.5699450741e-02 7.5656380642e-01 3.3142486134e-02 1.7154131852e-01 3.8876306572e+03 3.5348203323e+03 1.9249445925e+04 7.3116757812e+03 3.1673502078e+01
1.3650001585e-01 1749 -3.0141060865e-19 3.0521197928e-03 3.5691364325e-02 7.5657075674e-01 3.3136508703e-02 1.7154929388e-01 3.8874320456e+03 3.5346705872e+03 1.9247445077e+04 7.3116147461e+03 3.1669279869e+01
1.3800001144e-01 1749 -3.7291965201e-19 3.0514365145e-03 3.5684806343e-02 7.5657633170e-01 3.3131665698e-02 1.7155574196e-01 3.8872719750e+03 3.5345429594e+03 1.9245724808e+04 7.3115527344e+03 3.1665687275e+01
1.3950000703e-01 1749 -2.3035642964e-19 3.0508773045e-03 3.5679543550e-02 7.5658085489e-01 3.3127784191e-02 1.7156092637e-01 3.8871442056e+03 3.5344352627e+03 1.9244261366e+04 7.3114946289e+03 3.1662661824e+01
1.4100000262e-01 1749 9.2700273364e-21 3.0504240446e-03 3.5675360385e-02 7.5658444946e-01 3.3124702923e-02 1.7156504442e-01 3.8870432291e+03 3.5343453401e+03 1.9243030231e+04 7.3114399414e+03 3.1660141335e+01
1.4249999821e-01 1749 -1.0408342379e-19 3.0500604170e-03 3.5672068823e-02 7.5658726143e-01 3.3122281618e-02 1.7156827827e-01 3.8869642401e+03 3.5342710852e+03 1.9242006509e+04 7.3113911133e+03 3.1658060806e+01
1.4400000870e-01 1749 -1.1015727754e-19 3.0497722619e-03 3.5669511194e-02 7.5658954310e-01 3.3120403825e-02 1.7157081468e-01 3.8869030979e+03 3.5342104700e+03 1.9241165442e+04 7.3113496094e+03 3.1656365827e+01
1.4550000429e-01 1749 -2.7990483488e-20 3.0495459134e-03 3.5667539295e-02 7.5659123909e-01 3.3118957760e-02 1.7157275226e-01 3.8868562798e+03 3.5341615756e+03 1.9240482965e+04 7.3113120117e+03 3.1654999687e+01
1.4700001478e-01 1749 -3.2621367439e-19 3.0493704824e-03 3.5666039799e-02 7.5659256597e-01 3.3117860234e-02 1.7157423432e-01 3.8868208244e+03 3.5341226150e+03 1.9239936154e+04 7.3112812500e+03 3.1653913447e+01
1.4850001037e-01 1749 -1.6869941289e-19 3.0492355499e-03 3.5664906059e-02 7.5659345285e-01 3.3117030762e-02 1.7157532352e-01 3.8867942772e+03 3.5340919577e+03 1.9239503688e+04 7.3112548828e+03 3.1653056286e+01
1.5000000596e-01 1749 1.6188855058e-20 3.0491336616e-03 3.5664066329e-02 7.5659418744e-01 3.3116418146e-02 1.7157615002e-01 3.8867746285e+03 3.5340681410e+03 1.9239166138e+04 7.3112338867e+03 3.1652395347e+01
1.5150000155e-01 1749 -2.2997734112e-20 3.0490576440e-03 3.5663451594e-02 7.5659477839e-01 3.3115970942e-02 1.7157676856e-01 3.8867602563e+03 3.5340498783e+03 1.9238906175e+04 7.3112177734e+03 3.1651886189e+01
1.5299999714e-01 1749 1.1370070720e-19 3.0490010380e-03 3.5663000099e-02 7.5659509744e-01 3.3115642031e-02 1.7157719234e-01 3.8867498693e+03 3.5340360588e+03 1.9238708667e+04 7.3112041016e+03 3.1651505695e+01
1.5450000763e-01 1749 1.0452092676e-19 3.0489602372e-03 3.5662682011e-02 7.5659544649e-01 3.3115411862e-02 1.7157752324e-01 3.8867424535e+03 3.5340257412e+03 1.9238560652e+04 7.3111943359e+03 3.1651219100e+01
1.5600000322e-01 1749 2.3235207904e-19 3.0489305867e-03 3.5662453615e-02 7.5659562663e-01 3.3115246248e-02 1.7157774219e-01 3.8867372244e+03 3.5340181422e+03 1.9238451260e+04 7.3111865234e+03 3.1651006224e+01
1.5749999881e-01 1749 3.8628755559e-19 3.0489093662e-03 3.5662292174e-02 7.5659571513e-01 3.3115129036e-02 1.7157788664e-01 3.8867335833e+03 3.5340126219e+03 1.9238371534e+04 7.3111801758e+03 3.1650854754e+01
1.5899999440e-01 1749 1.2929645753e-19 3.0488947627e-03 3.5662183974e-02 7.5659584450e-01 3.3115051277e-02 1.7157800174e-01 3.8867310799e+03 3.5340086670e+03 1.9238314244e+04 7.3111767578e+03 3.1650746925e+01
1.6050001979e-01 1749 7.1713169083e-20 3.0488845648e-03 3.5662109190e-02 7.5659590970e-01 3.3114997404e-02 1.7157807489e-01 3.8867293809e+03 3.5340058730e+03 1.9238273657e+04 7.3111733398e+03 3.1650665950e+01
1.6200001538e-01 1749 2.9942665694e-19 3.0488777435e-03 3.5662060545e-02 7.5659598808e-01 3.3114962767e-02 1.7157813185e-01 3.8867282428e+03 3.5340039269e+03 1.9238245312e+04 7.3111718750e+03 3.1650615608e+01
1.6350001097e-01 1749 5.4265683623e-19 3.0488728906e-03 3.5662025251e-02 7.5659597585e-01 3.3114937024e-02 1.7157815505e-01 3.8867274903e+03 3.5340025905e+03 1.9238225799e+04 7.3111699219e+03 3.1650577308e+01
1.6500000656e-01 1749 3.4493037882e-19 3.0488698364e-03 3.5662004103e-02 7.5659600921e-01 3.3114922016e-02 1.7157817960e-01 3.8867269994e+03 3.5340016858e+03 1.9238212559e+04 7.3111689453e+03 3.1650552749e+01
1.6650000215e-01 1749 3.0854280043e-19 3.0488678377e-03 3.5661990471e-02 7.5659603121e-01 3.3114912364e-02 1.7157819554e-01 3.8867266834e+03 3.5340010821e+03 1.9238203706e+04 7.3111679688e+03 3.1650534177e+01
1.6800001264e-01 1749 2.0347797311e-19 3.0488663674e-03 3.5661979693e-02 7.5659600075e-01 3.3114904282e-02 1.7157819560e-01 3.8867264827e+03 3.5340006851e+03 1.9238197871e+04 7.3111674805e+03 3.1650524039e+01
1.6950000823e-01 1749 2.3308550763e-19 3.0488656322e-03 3.5661975257e-02 7.5659603114e-01 3.3114901380e-02 1.7157820687e-01 3.8867263570e+03 3.5340004277e+03 1.9238194082e+04 7.3111669922e+03 3.1650518443e+01
1.7100000381e-01 1749 6.1593989447e-20 3.0488650925e-03 3.5661971604e-02 7.5659603077e-01 3.3114898747e-02 1.7157820949e-01 3.8867262794e+03 3.5340002634e+03 1.9238191657e+04 7.3111669922e+03 3.1650510388e+01
1.7249999940e-01 1749 6.0058865670e-22 3.0488648650e-03 3.5661970617e-02 7.5659605694e-01 3.3114898296e-02 1.7157821708e-01 3.8867262320e+03 3.5340001599e+03 1.9238190128e+04 7.3111669922e+03 3.1650509461e+01
1.7399999499e-01 1749 -2.4376812522e-19 3.0488645493e-03 3.5661967962e-02 7.5659602898e-01 3.3114896113e-02 1.7157821173e-01 3.8867262036e+03 3.5340000957e+03 1.9238189178e+04 7.3111669922e+03 3.1650508886e+01
1.7550000548e-01 1749 -2.3734041153e-19 3.0488646455e-03 3.5661969720e-02 7.5659608314e-01 3.3114897914e-02 1.7157822460e-01 3.8867261867e+03 3.5340000565e+03 1.9238188597e+04 7.3111679688e+03 3.1650505244e+01
1.7700000107e-01 1749 -2.4296167459e-19 3.0488645317e-03 3.5661968770e-02 7.5659607285e-01 3.3114897131e-02 1.7157822261e-01 3.8867261769e+03 3.5340000328e+03 1.9238188246e+04 7.3111669922e+03 3.1650505032e+01
1.7850001156e-01 1749 4.0619021629e-20 3.0488644649e-03 3.5661968214e-02 7.5659606674e-01 3.3114896672e-02 1.7157822143e-01 3.8867261712e+03 3.5340000188e+03 1.9238188038e+04 7.3111669922e+03 3.1650504907e+01
1.8000000715e-01 1749 7.2714840025e-21 3.0488644262e-03 3.5661967893e-02 7.5659606318e-01 3.3114896407e-02 1.7157822073e-01 3.8867261680e+03 3.5340000106e+03 1.9238187916e+04 7.3111669922e+03 3.1650504833e+01
1.8150001764e-01 1749 1.7477190777e-20 3.0488644042e-03 3.5661967711e-02 7.5659606112e-01 3.3114896256e-02 1.7157822033e-01 3.8867261662e+03 3.5340000059e+03 1.9238187846e+04 7.3111669922e+03 3.1650504791e+01
1.8300001323e-01 1749 -2.4059947817e-19 3.0488646789e-03 3.5661970966e-02 7.5659613120e-01 3.3114899289e-02 1.7157823626e-01 3.8867261652e+03 3.5340000033e+03 1.9238187806e+04 7.3111674805e+03 3.1650504767e+01
1.8450000882e-01 1749 3.8826649164e-20 3.0488646720e-03 3.5661970910e-02 7.5659613055e-01 3.3114899242e-02 1.7157823613e-01 3.8867261646e+03 3.5340000018e+03 1.9238187784e+04 7.3111674805e+03 3.1650504754e+01
1.8600000441e-01 1749 -1.1666843918e-20 3.0488646683e-03 3.5661970879e-02 7.5659613019e-01 3.3114899217e-02 1.7157823606e-01 3.8867261644e+03 3.5340000009e+03 1.9238187771e+04 7.3111674805e+03 3.1650504747e+01
1.8750000000e-01 1749 -9.6152066786e-20 3.0488646663e-03 3.5661970863e-02 7.5659613000e-01 3.3114899203e-02 1.7157823602e-01 3.8867261642e+03 3.5340000005e+03 1.9238187765e+04 7.3111674805e+03 3.1650504743e+01
1.8900001049e-01 1749 -3.7546817872e-19 3.0488646652e-03 3.5661970854e-02 7.5659612989e-01 3.3114899196e-02 1.7157823600e-01 3.8867261641e+03 3.5340000003e+03 1.9238187761e+04 7.3111674805e+03 3.1650504740e+01
1.9050000608e-01 1749 -6.1999505032e-19 3.0488646646e-03 3.5661970850e-02 7.5659612984e-01 3.3114899192e-02 1.7157823599e-01 3.8867261641e+03 3.5340000001e+03 1.9238187759e+04 7.3111674805e+03 3.1650504739e+01
1.9200000167e-01 1749 -6.4650740847e-19 3.0488646644e-03 3.5661970847e-02 7.5659612981e-01 3.3114899190e-02 1.7157823598e-01 3.8867261641e+03 3.5340000001e+03 1.9238187758e+04 7.3111674805e+03 3.1650504739e+01
1.9349999726e-01 1749 -4.8181569343e-19 3.0488646642e-03 3.5661970846e-02 7.5659612980e-01 3.3114899189e-02 1.7157823598e-01 3.8867261640e+03 3.5340000000e+03 1.9238187758e+04 7.3111674805e+03 3.1650504738e+01
1.9500000775e-01 1749 -3.6681852106e-19 3.0488646641e-03 3.5661970845e-02 7.5659612979e-01 3.3114899189e-02 1.7157823598e-01 3.8867261640e+03 3.5340000000e+03 1.9238187757e+04 7.3111674805e+03 3.1650504738e+01
1.9650000334e-01 1749 -5.6984611105e-19 3.0488646641e-03 3.5661970845e-02 7.5659612979e-01 3.3114899189e-02 1.7157823598e-01 3.8867261640e+03 3.5340000000e+03 1.9238187757e+04 7.3111674805e+03 3.1650504738e+01
1.9800001383e-01 1749 -7.9453842662e-19 3.0488646641e-03 3.5661970845e-02 7.5659612978e-01 3.3114899189e-02 1.7157823598e-01 3.8867261640e+03 3.5340000000e+03 1.9238187757e+04 7.3111674805e+03 3.1650504738e+01
1.9950000942e-01 1749 -7.4187961135e-19 3.0488646641e-03 3.5661970845e-02 7.5659612978e-01 3.3114899188e-02 1.7157823598e-01 3.8867261640e+03 3.5340000000e+03 1.9238187757e+04 7.3111674805e+03 3.1650504738e+01
2.0100001991e-01 1749 -8.4689806004e-19 3.0488646641e-03 3.5661970845e-02 7.5659612978e-01 3.3114899188e-02 1.7157823598e-01 3.8867261640e+03 3.5340000000e+03 1.9238187757e+04 7.3111674805e+03 3.1650504738e+01
2.0250001550e-01 1749 -8.4742300865e-19 3.0488646641e-03 3.5661970845e-02 7.5659612978e-01 3.3114899188e-02 1.7157823598e-01 3.8867261640e+03 3.5340000000e+03 1.9238187757e+04 7.3111674805e+03 3.1650504738e+01
2.0400001109e-01 1749 -6.8886386758e-19 3.0488646641e-03 3.5661970845e-02 7.5659612978e-01 3.3114899188e-02 1.7157823598e-01 3.8867261640e+03 3.5340000000e+03 1.9238187757e+04 7.3111674805e+03 3.1650504738e+01
2.0550000668e-01 1749 -1.1392051833e-18 3.0488646641e-03 3.5661970845e-02 7.5659612978e-01 3.3114899188e-02 1.7157823598e-01 3.8867261640e+03 3.5340000000e+03 1.9238187757e+04 7.3111674805e+03 3.1650504738e+01
2.0700000226e-01 1749 -1.0706113531e-18 3.0488646641e-03 3.5661970845e-02 7.5659612978e-01 3.3114899188e-02 1.7157823598e-01 3.8867261640e+03 3.5340000000e+03 1.9238187757e+04 7.3111674805e+03 3.1650504738e+01
2.0850001276e-01 1749 -7.0903097924e-19 3.0488646641e-03 3.5661970845e-02 7.5659612978e-01 3.3114899188e-02 1.7157823598e-01 3.8867261640e+03 3.5340000000e+03 1.9238187757e+04 7.3111674805e+03 3.1650504738e+01
2.1000000834e-01 1749 -8.1998825877e-19 3.0488646641e-03 3.5661970845e-02 7.5659612978e-01 3.3114899188e-02 1.7157823598e-01 3.8867261640e+03 3.5340000000e+03 1.9238187757e+04 7.3111674805e+03 3.1650504738e+01
2.1150000393e-01 1749 -8.0611742000e-19 3.0488646641e-03 3.5661970845e-02 7.5659612978e-01 3.3114899188e-02 1.7157823598e-01 3.8867261640e+03 3.5340000000e+03 1.9238187757e+04 7.3111674805e+03 3.1650504738e+01
2.1299999952e-01 1749 -7.8061526350e-19 3.0488646641e-03 3.5661970845e-02 7.5659612978e-01 3.3114899188e-02 1.7157823598e-01 3.8867261640e+03 3.5340000000e+03 1.9238187757e+04 7.3111674805e+03 3.1650504738e+01
2.1449999511e-01 1749 -6.6441392008e-19 3.0488646641e-03 3.5661970845e-02 7.5659612978e-01 3.3114899188e-02 1.7157823598e-01 3.8867261640e+03 3.5340000000e+03 1.9238187757e+04 7.3111674805e+03 3.1650504738e+01
2.1600002050e-01 1749 -4.9758336568e-19 3.0488646641e-03 3.5661970845e-02 7.5659612978e-01 3.3114899188e-02 1.7157823598e-01 3.8867261640e+03 3.5340000000e+03 1.9238187757e+04 7.3111674805e+03 3.1650504738e+01
2.1750001609e-01 1749 -4.9334390543e-19 3.0488646641e-03 3.5661970845e-02 7.5659612978e-01 3.3114899188e-02 1.7157823598e-01 3.8867261640e+03 3.5340000000e+03 1.9238187757e+04 7.3111674805e+03 3.1650504738e+01
2.1900001168e-01 1749 -5.0786539526e-19 3.0488646641e-03 3.5661970845e-02 7.5659612978e-01 3.3114899188e-02 1.7157823598e-01 3.8867261640e+03 3.5340000000e+03 1.9238187757e+04 7.3111674805e+03 3.1650504738e+01
2.2050000727e-01 1749 -5.0886313394e-19 3.0488646641e-03 3.5661970845e-02 7.5659612978e-01 3.3114899188e-02 1.7157823598e-01 3.8867261640e+03 3.5340000000e+03 1.9238187757e+04 7.3111674805e+03 3.1650504738e+01
2.2200001776e-01 1749 -5.0890411953e-19 3.0488646641e-03 3.5661970845e-02 7.5659612978e-01 3.3114899188e-02 1.7157823598e-01 3.8867261640e+03 3.5340000000e+03 1.9238187757e+04 7.3111674805e+03 3.1650504738e+01
2.2350001335e-01 1749 -5.0891348354e-19 3.0488646641e-03 3.5661970845e-02 7.5659612978e-01 3.3114899188e-02 1.7157823598e-01 3.8867261640e+03 3.5340000000e+03 1.9238187757e+04 7.3111674805e+03 3.1650504738e+01
2.2500000894e-01 1749 -5.0891477979e-19 3.0488646641e-03 3.5661970845e-02 7.5659612978e-01 3.3114899188e-02 1.7157823598e-01 3.8867261640e+03 3.5340000000e+03 1.9238187757e+04 7.3111674805e+03 3.1650504738e+01
2.2650000453e-01 1749 -5.0891492234e-19 3.0488646641e-03 3.5661970845e-02 7.5659612978e-01 3.3114899188e-02 1.7157823598e-01 3.8867261640e+03 3.5340000000e+03 1.9238187757e+04 7.3111674805e+03 3.1650504738e+01
2.2800000012e-01 1749 -5.0891493553e-19 3.0488646641e-03 3.5661970845e-02 7.5659612978e-01 3.3114899188e-02 1.7157823598e-01 3.8867261640e+03 3.5340000000e+03 1.9238187757e+04 7.3111674805e+03 3.1650504738e+01
2.2950001061e-01 1749 -5.0891493660e-19 3.0488646641e-03 3.5661970845e-02 7.5659612978e-01 3.3114899188e-02 1.7157823598e-01 3.8867261640e+03 3.5340000000e+03 1.9238187757e+04 7.3111674805e+03 3.1650504738e+01
2.3100000620e-01 1749 -5.0891493668e-19 3.0488646641e-03 3.5661970845e-02 7.5659612978e-01 3.3114899188e-02 1.7157823598e-01 3.8867261640e+03 3.5340000000e+03 1.9238187757e+04 7.3111674805e+03 3.1650504738e+01
2.3250000179e-01 1749 -5.0891493669e-19 3.0488646641e-03 3.5661970845e-02 7.5659612978e-01 3.3114899188e-02 1.7157823598e-01 3.8867261640e+03 3.5340000000e+03 1.9238187757e+04 7.3111674805e+03 3.1650504738e+01
2.3399999738e-01 1749 -5.0891493669e-19 3.0488646641e-03 3.5661970845e-02 7.5659612978e-01 3.3114899188e-02 1.7157823598e-01 3.8867261640e+03 3.5340000000e+03 1.9238187757e+04 7.3111674805e+03 3.1650504738e+01
2.3550002277e-01 1749 -5.0891493669e-19 3.0488646641e-03 3.5661970845e-02 7.5659612978e-01 3.3114899188e-02 1.7157823598e-01 3.8867261640e+03 3.5340000000e+03 1.9238187757e+04 7.3111674805e+03 3.1650504738e+01
2.3700001836e-01 1749 -5.0891493669e-19 3.0488646641e-03 3.5661970845e-02 7.5659612978e-01 3.3114899188e-02 1.7157823598e-01 3.8867261640e+03 3.5340000000e+03 1.9238187757e+04 7.3111674805e+03 3.1650504738e+01
2.3850001395e-01 1749 -5.0891493669e-19 3.0488646641e-03 3.5661970845e-02 7.5659612978e-01 3.3114899188e-02 1.7157823598e-01 3.8867261640e+03 3.5340000000e+03 1.9238187757e+04 7.3111674805e+03 3.1650504738e+01
2.4000000954e-01 1749 -5.0891493669e-19 3.0488646641e-03 3.5661970845e-02 7.5659612978e-01 3.3114899188e-02 1.7157823598e-01 3.8867261640e+03 3.5340000000e+03 1.9238187757e+04 7.3111674805e+03 3.1650504738e+01
2.4150000513e-01 1749 -5.0891493669e-19 3.0488646641e-03 3.5661970845e-02 7.5659612978e-01 3.3114899188e-02 1.7157823598e-01 3.8867261640e+03 3.5340000000e+03 1.9238187757e+04 7.3111674805e+03 3.1650504738e+01
2.4300001562e-01 1749 -5.0891493669e-19 3.0488646641e-03 3.5661970845e-02 7.5659612978e-01 3.3114899188e-02 1.7157823598e-01 3.8867261640e+03 3.5340000000e+03 1.9238187757e+04 7.3111674805e+03 3.1650504738e+01
2.4450001121e-01 1749 -5.0891493669e-19 3.0488646641e-03 3.5661970845e-02 7.5659612978e-01 3.3114899188e-02 1.7157823598e-01 3.8867261640e+03 3.5340000000e+03 1.9238187757e+04 7.3111674805e+03 3.1650504738e+01
2.4600000679e-01 1749 -5.0891493669e-19 3.0488646641e-03 3.5661970845e-02 7.5659612978e-01 3.3114899188e-02 1.7157823598e-01 3.8867261640e+03 3.5340000000e+03 1.9238187757e+04 7.3111674805e+03 3.1650504738e+01
2.4750000238e-01 1749 -5.0891493669e-19 3.0488646641e-03 3.5661970845e-02 7.5659612978e-01 3.3114899188e-02 1.7157823598e-01 3.8867261640e+03 3.5340000000e+03 1.9238187757e+04 7.3111674805e+03 3.1650504738e+01
2.4899999797e-01 1749 -5.0891493669e-19 3.0488646641e-03 3.5661970845e-02 7.5659612978e-01 3.3114899188e-02 1.7157823598e-01 3.8867261640e+03 3.5340000000e+03 1.9238187757e+04 7.3111674805e+03 3.1650504738e+01
2.5049999356e-01 1749 -5.0891493669e-19 3.0488646641e-03 3.5661970845e-02 7.5659612978e-01 3.3114899188e-02 1.7157823598e-01 3.8867261640e+03 3.5340000000e+03 1.9238187757e+04 7.3111674805e+03 3.1650504738e+01
2.5200000405e-01 1749 -5.0891493669e-19 3.0488646641e-03 3.5661970845e-02 7.5659612978e-01 3.3114899188e-02 1.7157823598e-01 3.8867261640e+03 3.5340000000e+03 1.9238187757e+04 7.3111674805e+03 3.1650504738e+01
2.5350001454e-01 1749 -5.0891493669e-19 3.0488646641e-03 3.5661970845e-02 7.5659612978e-01 3.3114899188e-02 1.7157823598e-01 3.8867261640e+03 3.5340000000e+03 1.9238187757e+04 7.3111674805e+03 3.1650504738e+01
2.5500002503e-01 1749 -5.0891493669e-19 3.0488646641e-03 3.5661970845e-02 7.5659612978e-01 3.3114899188e-02 1.7157823598e-01 3.8867261640e+03 3.5340000000e+03 1.9238187757e+04 7.3111674805e+03 3.1650504738e+01
2.5650000572e-01 1749 -5.0891493669e-19 3.0488646641e-03 3.5661970845e-02 7.5659612978e-01 3.3114899188e-02 1.7157823598e-01 3.8867261640e+03 3.5340000000e+03 1.9238187757e+04 7.3111674805e+03 3.1650504738e+01
2.5800001621e-01 1749 -5.0891493669e-19 3.0488646641e-03 3.5661970845e-02 7.5659612978e-01 3.3114899188e-02 1.7157823598e-01 3.8867261640e+03 3.5340000000e+03 1.9238187757e+04 7.3111674805e+03 3.1650504738e+01
2.5950002670e-01 1749 -5.0891493669e-19 3.0488646641e-03 3.5661970845e-02 7.5659612978e-01 3.3114899188e-02 1.7157823598e-01 3.8867261640e+03 3.5340000000e+03 1.9238187757e+04 7.3111674805e+03 3.1650504738e+01
2.6100000739e-01 1749 -5.0891493669e-19 3.0488646641e-03 3.5661970845e-02 7.5659612978e-01 3.3114899188e-02 1.7157823598e-01 3.8867261640e+03 3.5340000000e+03 1.9238187757e+04 7.3111674805e+03 3.1650504738e+01
2.6250001788e-01 1749 -5.0891493669e-19 3.0488646641e-03 3.5661970845e-02 7.5659612978e-01 3.3114899188e-02 1.7157823598e-01 3.8867261640e+03 3.5340000000e+03 1.9238187757e+04 7.3111674805e+03 3.1650504738e+01
2.6399999857e-01 1749 -5.0891493669e-19 3.0488646641e-03 3.5661970845e-02 7.5659612978e-01 3.3114899188e-02 1.7157823598e-01 3.8867261640e+03 3.5340000000e+03 1.9238187757e+04 7.3111674805e+03 3.1650504738e+01
2.6550000906e-01 1749 -5.0891493669e-19 3.0488646641e-03 3.5661970845e-02 7.5659612978e-01 3.3114899188e-02 1.7157823598e-01 3.8867261640e+03 3.5340000000e+03 1.9238187757e+04 7.3111674805e+03 3.1650504738e+01
2.6700001955e-01 1749 -5.0891493669e-19 3.0488646641e-03 3.5661970845e-02 7.5659612978e-01 3.3114899188e-02 1.7157823598e-01 3.8867261640e+03 3.5340000000e+03 1.9238187757e+04 7.3111674805e+03 3.1650504738e+01
2.6850000024e-01 1749 -5.0891493669e-19 3.0488646641e-03 3.5661970845e-02 7.5659612978e-01 3.3114899188e-02 1.7157823598e-01 3.8867261640e+03 3.5340000000e+03 1.9238187757e+04 7.3111674805e+03 3.1650504738e+01
2.7000001073e-01 1749 -5.0891493669e-19 3.0488646641e-03 3.5661970845e-02 7.5659612978e-01 3.3114899188e-02 1.7157823598e-01 3.8867261640e+03 3.5340000000e+03 1.9238187757e+04 7.3111674805e+03 3.1650504738e+01
2.7149999142e-01 1749 -5.0891493669e-19 3.0488646641e-03 3.5661970845e-02 7.5659612978e-01 3.3114899188e-02 1.7157823598e-01 3.8867261640e+03 3.5340000000e+03 1.9238187757e+04 7.3111674805e+03 3.1650504738e+01
2.7300003171e-01 1749 -5.0891493669e-19 3.0488646641e-03 3.5661970845e-02 7.5659612978e-01 3.3114899188e-02 1.7157823598e-01 3.8867261640e+03 3.5340000000e+03 1.9238187757e+04 7.3111674805e+03 3.1650504738e+01
2.7450001240e-01 1749 -5.0891493669e-19 3.0488646641e-03 3.5661970845e-02 7.5659612978e-01 3.3114899188e-02 1.7157823598e-01 3.8867261640e+03 3.5340000000e+03 1.9238187757e+04 7.3111674805e+03 3.1650504738e+01
2.7600002289e-01 1749 -5.0891493669e-19 3.0488646641e-03 3.5661970845e-02 7.5659612978e-01 3.3114899188e-02 1.7157823598e-01 3.8867261640e+03 3.5340000000e+03 1.9238187757e+04 7.3111674805e+03 3.1650504738e+01
2.7750000358e-01 1749 -5.0891493669e-19 3.0488646641e-03 3.5661970845e-02 7.5659612978e-01 3.3114899188e-02 1.7157823598e-01 3.8867261640e+03 3.5340000000e+03 1.9238187757e+04 7.3111674805e+03 3.1650504738e+01
2.7900001407e-01 1749 -5.0891493669e-19 3.0488646641e-03 3.5661970845e-02 7.5659612978e-01 3.3114899188e-02 1.7157823598e-01 3.8867261640e+03 3.5340000000e+03 1.9238187757e+04 7.3111674805e+03 3.1650504738e+01
2.8050002456e-01 1749 -5.0891493669e-19 3.0488646641e-03 3.5661970845e-02 7.5659612978e-01 3.3114899188e-02 1.7157823598e-01 3.8867261640e+03 3.5340000000e+03 1.9238187757e+04 7.3111674805e+03 3.1650504738e+01
2.8200000525e-01 1749 -5.0891493669e-19 3.0488646641e-03 3.5661970845e-02 7.5659612978e-01 3.3114899188e-02 1.7157823598e-01 3.8867261640e+03 3.5340000000e+03 1.9238187757e+04 7.3111674805e+03 3.1650504738e+01
2.8350001574e-01 1749 -5.0891493669e-19 3.0488646641e-03 3.5661970845e-02 7.5659612978e-01 3.3114899188e-02 1.7157823598e-01 3.8867261640e+03 3.5340000000e+03 1.9238187757e+04 7.3111674805e+03 3.1650504738e+01
2.8499999642e-01 1749 -5.0891493669e-19 3.0488646641e-03 3.5661970845e-02 7.5659612978e-01 3.3114899188e-02 1.7157823598e-01 3.8867261640e+03 3.5340000000e+03 1.9238187757e+04 7.3111674805e+03 3.1650504738e+01
2.8650000691e-01 1749 -5.0891493669e-19 3.0488646641e-03 3.5661970845e-02 7.5659612978e-01 3.3114899188e-02 1.7157823598e-01 3.8867261640e+03 3.5340000000e+03 1.9238187757e+04 7.3111674805e+03 3.1650504738e+01
2.8800001740e-01 1749 -5.0891493669e-19 3.0488646641e-03 3.5661970845e-02 7.5659612978e-01 3.3114899188e-02 1.7157823598e-01 3.8867261640e+03 3.5340000000e+03 1.9238187757e+04 7.3111674805e+03 3.1650504738e+01
2.8949999809e-01 1749 -5.0891493669e-19 3.0488646641e-03 3.5661970845e-02 7.5659612978e-01 3.3114899188e-02 1.7157823598e-01 3.8867261640e+03 3.5340000000e+03 1.9238187757e+04 7.3111674805e+03 3.1650504738e+01
2.9100000858e-01 1749 -5.0891493669e-19 3.0488646641e-03 3.5661970845e-02 7.5659612978e-01 3.3114899188e-02 1.7157823598e-01 3.8867261640e+03 3.5340000000e+03 1.9238187757e+04 7.3111674805e+03 3.1650504738e+01
2.9250001907e-01 1749 -5.0891493669e-19 3.0488646641e-03 3.5661970845e-02 7.5659612978e-01 3.3114899188e-02 1.7157823598e-01 3.8867261640e+03 3.5340000000e+03 1.9238187757e+04 7.3111674805e+03 3.1650504738e+01
2.9400002956e-01 1749 -5.0891493669e-19 3.0488646641e-03 3.5661970845e-02 7.5659612978e-01 3.3114899188e-02 1.7157823598e-01 3.8867261640e+03 3.5340000000e+03 1.9238187757e+04 7.3111674805e+03 3.1650504738e+01
2.9550001025e-01 1749 -5.0891493669e-19 3.0488646641e-03 3.5661970845e-02 7.5659612978e-01 3.3114899188e-02 1.7157823598e-01 3.8867261640e+03 3.5340000000e+03 1.9238187757e+04 7.3111674805e+03 3.1650504738e+01
2.9700002074e-01 1749 -5.0891493669e-19 3.0488646641e-03 3.5661970845e-02 7.5659612978e-01 3.3114899188e-02 1.7157823598e-01 3.8867261640e+03 3.5340000000e+03 1.9238187757e+04 7.3111674805e+03 3.1650504738e+01
2.9850000143e-01 1749 -5.0891493669e-19 3.0488646641e-03 3.5661970845e-02 7.5659612978e-01 3.3114899188e-02 1.7157823598e-01 3.8867261640e+03 3.5340000000e+03 1.9238187757e+04 7.3111674805e+03 3.1650504738e+01
