          x, m           t, s      e-, kg/m3       N, kg/m3       O, kg/m3      N2, kg/m3      NO, kg/m3      O2, kg/m3         Tve, K         u, m/s          p, Pa         Ttr, K     rho, kg/m3         Pp, Pa       Ht, J/kg         TOF, s         POI, m          Ev, J           E, J 

 0.0000000E+00  0.0000000E+00  0.1000000E-14  0.2822864E-05  0.2161265E-02  0.1078554E-01  0.5833047E-03  0.8855492E-03  0.3448588E+04 -0.3242119E+04  0.1626668E+05  0.3448588E+04  0.1441848E-01  0.1515574E+06  0.6437051E+07  0.0000000E+00  0.3900607E+02  0.7957446E+04  0.1514644E+06 
 0.4055711E-01  0.1223424E-04  0.1042845E-14  0.3946553E-05  0.2365306E-02  0.1132485E-01  0.6134564E-03  0.8337709E-03  0.3529403E+04 -0.3315049E+04  0.1758164E+05  0.3531486E+04  0.1514133E-01  0.1663964E+06  0.6627675E+07  0.1580289E-03  0.3843914E+02  0.8596453E+04  0.1654063E+06 
 0.8111421E-01  0.2440732E-04  0.1017908E-14  0.4237133E-05  0.2395389E-02  0.1112153E-01  0.5889934E-03  0.7516280E-03  0.3539867E+04 -0.3323356E+04  0.1736701E+05  0.3540031E+04  0.1486178E-01  0.1641438E+06  0.6715186E+07  0.3160578E-03  0.3786423E+02  0.8421008E+04  0.1639859E+06 
 0.1216713E+00  0.3642987E-04  0.1005370E-14  0.4690136E-05  0.2439087E-02  0.1104088E-01  0.5727488E-03  0.6899440E-03  0.3560299E+04 -0.3339878E+04  0.1739177E+05  0.3560670E+04  0.1474735E-01  0.1645035E+06  0.6804721E+07  0.4740868E-03  0.3728035E+02  0.8384583E+04  0.1647594E+06 
 0.1622284E+00  0.4842001E-04  0.9918322E-15  0.5066421E-05  0.2464824E-02  0.1093711E-01  0.5566518E-03  0.6391167E-03  0.3576035E+04 -0.3350442E+04  0.1734337E+05  0.3576286E+04  0.1460277E-01  0.1639228E+06  0.6876377E+07  0.6321157E-03  0.3669034E+02  0.8321794E+04  0.1646217E+06 
 0.2027855E+00  0.6054335E-04  0.9722132E-15  0.5244909E-05  0.2460646E-02  0.1075593E-01  0.5368104E-03  0.5961132E-03  0.3581365E+04 -0.3349427E+04  0.1710792E+05  0.3581273E+04  0.1435474E-01  0.1610410E+06  0.6923971E+07  0.7901446E-03  0.3609710E+02  0.8170422E+04  0.1623975E+06 
 0.2433426E+00  0.7240551E-04  0.9645870E-15  0.5603492E-05  0.2479424E-02  0.1069918E-01  0.5269330E-03  0.5640837E-03  0.3596769E+04 -0.3360830E+04  0.1711819E+05  0.3596920E+04  0.1427523E-01  0.1612412E+06  0.6977986E+07  0.9481735E-03  0.3550155E+02  0.8154838E+04  0.1627479E+06 
 0.2838997E+00  0.8429113E-04  0.9552559E-15  0.5889472E-05  0.2487861E-02  0.1061836E-01  0.5164479E-03  0.5353021E-03  0.3608276E+04 -0.3368085E+04  0.1706504E+05  0.3608356E+04  0.1416386E-01  0.1606748E+06  0.7022534E+07  0.9481735E-03  0.3550155E+02  0.8110076E+04  0.1623975E+06 
 0.3244568E+00  0.9613100E-04  0.9468286E-15  0.6179385E-05  0.2494990E-02  0.1054392E-01  0.5068732E-03  0.5094085E-03  0.3619739E+04 -0.3375153E+04  0.1701933E+05  0.3619810E+04  0.1406137E-01  0.1601823E+06  0.7064508E+07  0.1106202E-02  0.3490390E+02  0.8071696E+04  0.1620914E+06 
 0.3650139E+00  0.1078664E-03  0.9403820E-15  0.6522208E-05  0.2505670E-02  0.1048902E-01  0.4988406E-03  0.4853109E-03  0.3633191E+04 -0.3383944E+04  0.1701366E+05  0.3633305E+04  0.1398536E-01  0.1601475E+06  0.7108150E+07  0.1259815E-02  0.3432127E+02  0.8055651E+04  0.1621803E+06 
 0.4055711E+00  0.1195047E-03  0.9351097E-15  0.6919640E-05  0.2518886E-02  0.1044559E-01  0.4915649E-03  0.4618812E-03  0.3648264E+04 -0.3393765E+04  0.1703378E+05  0.3648421E+04  0.1392485E-01  0.1603814E+06  0.7153984E+07  0.1406113E-02  0.3376490E+02  0.8053665E+04  0.1625137E+06 
 0.4461282E+00  0.1313391E-03  0.9250433E-15  0.7212289E-05  0.2517576E-02  0.1034775E-01  0.4806025E-03  0.4378670E-03  0.3658268E+04 -0.3396765E+04  0.1693788E+05  0.3658296E+04  0.1379101E-01  0.1591208E+06  0.7192789E+07  0.1545445E-02  0.3323348E+02  0.7992080E+04  0.1615674E+06 
 0.4866853E+00  0.1427872E-03  0.9217344E-15  0.7733581E-05  0.2535229E-02  0.1032391E-01  0.4743367E-03  0.4155886E-03  0.3676636E+04 -0.3408466E+04  0.1700481E+05  0.3676813E+04  0.1375680E-01  0.1598216E+06  0.7243361E+07  0.1678141E-02  0.3272545E+02  0.8015452E+04  0.1623309E+06 
 0.5272424E+00  0.1549695E-03  0.9056964E-15  0.7872913E-05  0.2514148E-02  0.1015728E-01  0.4589713E-03  0.3921392E-03  0.3679888E+04 -0.3402233E+04  0.1675827E+05  0.3679732E+04  0.1353041E-01  0.1566171E+06  0.7271983E+07  0.1924879E-02  0.3177429E+02  0.7877725E+04  0.1597109E+06 
 0.5677995E+00  0.1663889E-03  0.9021280E-15  0.8417762E-05  0.2527978E-02  0.1012813E-01  0.4524625E-03  0.3721742E-03  0.3697796E+04 -0.3412485E+04  0.1681075E+05  0.3697856E+04  0.1348916E-01  0.1570820E+06  0.7320109E+07  0.2039507E-02  0.3132930E+02  0.7895751E+04  0.1602658E+06 
 0.6083566E+00  0.1779569E-03  0.8960189E-15  0.8877906E-05  0.2532780E-02  0.1006947E-01  0.4442390E-03  0.3529213E-03  0.3711738E+04 -0.3418561E+04  0.1679267E+05  0.3711776E+04  0.1340829E-01  0.1566968E+06  0.7361590E+07  0.2148677E-02  0.3090379E+02  0.7878072E+04  0.1600706E+06 
 0.6489137E+00  0.1894861E-03  0.8904762E-15  0.9337546E-05  0.2536937E-02  0.1001576E-01  0.4365849E-03  0.3355963E-03  0.3725066E+04 -0.3424599E+04  0.1677803E+05  0.3725111E+04  0.1333422E-01  0.1563820E+06  0.7400350E+07  0.2351669E-02  0.3010909E+02  0.7863291E+04  0.1599139E+06 
 0.6894708E+00  0.2008924E-03  0.8865780E-15  0.9824272E-05  0.2543588E-02  0.9979130E-02  0.4303324E-03  0.3204200E-03  0.3738724E+04 -0.3432040E+04  0.1679184E+05  0.3738803E+04  0.1328329E-01  0.1564626E+06  0.7437471E+07  0.2535788E-02  0.2938574E+02  0.7864273E+04  0.1600730E+06 
 0.7300279E+00  0.2117037E-03  0.8896091E-15  0.1055851E-04  0.2569316E-02  0.1001931E-01  0.4289341E-03  0.3076617E-03  0.3758888E+04 -0.3448348E+04  0.1696594E+05  0.3759131E+04  0.1333578E-01  0.1585772E+06  0.7482082E+07  0.2621325E-02  0.2904902E+02  0.7948223E+04  0.1619729E+06 
 0.7705850E+00  0.2229580E-03  0.8871212E-15  0.1097853E-04  0.2575756E-02  0.1000027E-01  0.4247000E-03  0.2972228E-03  0.3769437E+04 -0.3456190E+04  0.1699103E+05  0.3769653E+04  0.1330892E-01  0.1589784E+06  0.7509453E+07  0.2780375E-02  0.2842196E+02  0.7956881E+04  0.1623261E+06 
 0.8111421E+00  0.2372472E-03  0.8541677E-15  0.9883281E-05  0.2485336E-02  0.9651868E-02  0.4033273E-03  0.2899096E-03  0.3737712E+04 -0.3418975E+04  0.1625081E+05  0.3737123E+04  0.1284032E-01  0.1500956E+06  0.7468871E+07  0.2991658E-02  0.2758738E+02  0.7576814E+04  0.1545173E+06 
 0.8516992E+00  0.2481964E-03  0.8546533E-15  0.9768257E-05  0.2494658E-02  0.9729374E-02  0.4115079E-03  0.3008801E-03  0.3736583E+04 -0.3431554E+04  0.1637057E+05  0.3736403E+04  0.1294619E-01  0.1524487E+06  0.7452501E+07  0.3116277E-02  0.2709448E+02  0.7644964E+04  0.1561778E+06 
 0.8922563E+00  0.2598376E-03  0.8439602E-15  0.8251712E-05  0.2465697E-02  0.9833356E-02  0.4333312E-03  0.3524051E-03  0.3694577E+04 -0.3433900E+04  0.1631323E+05  0.3694362E+04  0.1309304E-01  0.1543888E+06  0.7325565E+07  0.3281823E-02  0.2643914E+02  0.7643797E+04  0.1566406E+06 
 0.9328134E+00  0.2729464E-03  0.8101322E-15  0.5256618E-05  0.2345000E-02  0.9989771E-02  0.4768716E-03  0.5026349E-03  0.3583106E+04 -0.3417570E+04  0.1593753E+05  0.3582495E+04  0.1331953E-01  0.1555693E+06  0.6982610E+07  0.3468030E-02  0.2570125E+02  0.7539126E+04  0.1546599E+06 
 0.9733705E+00  0.2892059E-03  0.7386939E-15  0.2403538E-05  0.2072383E-02  0.1009888E-01  0.5099296E-03  0.7945683E-03  0.3390672E+04 -0.3365666E+04  0.1498693E+05  0.3388601E+04  0.1347816E-01  0.1526767E+06  0.6376778E+07  0.3621222E-02  0.2509365E+02  0.7203258E+04  0.1469669E+06 
 0.1013928E+01  0.2987045E-03  0.6849449E-15  0.8292547E-06  0.1788016E-02  0.1162064E-01  0.5557284E-03  0.1522507E-02  0.3129484E+04 -0.3394416E+04  0.1541748E+05  0.3128911E+04  0.1548772E-01  0.1784505E+06  0.5402872E+07  0.3747255E-02  0.2459345E+02  0.7638262E+04  0.1571971E+06 
 0.1054485E+01  0.3216748E-03  0.5604791E-15  0.1739063E-06  0.1384604E-02  0.1177467E-01  0.4517245E-03  0.2013191E-02  0.2762234E+04 -0.3278108E+04  0.1338546E+05  0.2753198E+04  0.1562436E-01  0.1678992E+06  0.4489986E+07  0.3936245E-02  0.2384291E+02  0.6453719E+04  0.1399694E+06 
 0.1095042E+01  0.3359669E-03  0.4797311E-15  0.2676259E-07  0.1111318E-02  0.1368467E-01  0.3877781E-03  0.2891302E-02  0.2372236E+04 -0.3259375E+04  0.1297133E+05  0.2359760E+04  0.1807509E-01  0.1920212E+06  0.3530326E+07  0.4006425E-02  0.2356410E+02  0.5877860E+04  0.1458770E+06 
 0.1135599E+01  0.3456167E-03  0.4112242E-15  0.2600119E-08  0.8846202E-03  0.1742347E-01  0.3404918E-03  0.4271531E-02  0.1969320E+04 -0.3285718E+04  0.1336293E+05  0.1955355E+04  0.2292012E-01  0.2474443E+06  0.2621288E+07  0.4132153E-02  0.2306447E+02  0.5347578E+04  0.1693956E+06 
 0.1176156E+01  0.3544239E-03  0.3399140E-15  0.1523647E-09  0.6772146E-03  0.2283187E-01  0.2946714E-03  0.6138756E-02  0.1597687E+04 -0.3318501E+04  0.1392981E+05  0.1582295E+04  0.2994252E-01  0.3297404E+06  0.1876780E+07  0.4249003E-02  0.2260003E+02  0.4554029E+04  0.2060523E+06 
 0.1216713E+01  0.3641793E-03  0.2668121E-15  0.3935704E-11  0.5053858E-03  0.2930520E-01  0.2493890E-03  0.8293486E-02  0.1297970E+04 -0.3340973E+04  0.1428323E+05  0.1277294E+04  0.3835346E-01  0.4281052E+06  0.1340905E+07  0.4328913E-02  0.2228239E+02  0.3569213E+04  0.2500320E+06 
 0.1257270E+01  0.3745893E-03  0.1995566E-15 -0.1435927E-11  0.3735379E-03  0.3614034E-01  0.2094926E-03  0.1051597E-01  0.1083202E+04 -0.3356396E+04  0.1444307E+05  0.1053583E+04  0.4723934E-01  0.5321700E+06  0.9843594E+06  0.4328913E-02  0.2228239E+02  0.2686202E+04  0.2968806E+06 
 0.1297827E+01  0.3869448E-03  0.1426280E-15 -0.1444815E-11  0.2565919E-03  0.4112047E-01  0.1747996E-03  0.1215836E-01  0.9462984E+03 -0.3354038E+04  0.1405054E+05  0.9039994E+03  0.5371023E-01  0.6042169E+06  0.7612398E+06  0.4328913E-02  0.2228239E+02  0.2018630E+04  0.3274802E+06 
 0.1338384E+01  0.3951668E-03  0.9990887E-16 -0.1199614E-11  0.1624154E-03  0.4876363E-01  0.1555505E-03  0.1458039E-01  0.8456304E+03 -0.3386885E+04  0.1489747E+05  0.8102764E+03  0.6366199E-01  0.7302658E+06  0.6099761E+06  0.4328913E-02  0.2228239E+02  0.1637533E+04  0.3877863E+06 
 0.1378942E+01  0.4033331E-03  0.6939348E-16 -0.9028132E-12  0.9100828E-04  0.5585798E-01  0.1448573E-03  0.1680969E-01  0.7827744E+03 -0.3418865E+04  0.1582116E+05  0.7523154E+03  0.7290354E-01  0.8521431E+06  0.5173526E+06  0.4328913E-02  0.2228239E+02  0.1416040E+04  0.4469303E+06 
 0.1419499E+01  0.4147878E-03  0.5136656E-16 -0.6107556E-12  0.4889758E-04  0.5856370E-01  0.1362785E-03  0.1767656E-01  0.7509277E+03 -0.3422229E+04  0.1561090E+05  0.7084979E+03  0.7642544E-01  0.8950679E+06  0.4595407E+06  0.4328913E-02  0.2228239E+02  0.1266973E+04  0.4659995E+06 
 0.1460056E+01  0.4265857E-03  0.4167208E-16 -0.3635883E-12  0.2556901E-04  0.6006212E-01  0.1318737E-03  0.1815651E-01  0.7336443E+03 -0.3422655E+04  0.1529516E+05  0.6770828E+03  0.7837607E-01  0.9181417E+06  0.4211011E+06  0.4328913E-02  0.2228239E+02  0.1186123E+04  0.4757147E+06 
 0.1500613E+01  0.4376396E-03  0.3745274E-16 -0.1970379E-12  0.1399637E-04  0.6165036E-01  0.1316468E-03  0.1865033E-01  0.7247875E+03 -0.3428878E+04  0.1523124E+05  0.6569918E+03  0.8044634E-01  0.9458241E+06  0.3965852E+06  0.4328913E-02  0.2228239E+02  0.1160136E+04  0.4885722E+06 
 0.1541170E+01  0.4476435E-03  0.3642821E-16 -0.9765701E-13  0.8875244E-05  0.6381353E-01  0.1347115E-03  0.1931094E-01  0.7205177E+03 -0.3442851E+04  0.1550833E+05  0.6463145E+03  0.8326806E-01  0.9869950E+06  0.3822451E+06  0.4328913E-02  0.2228239E+02  0.1172781E+04  0.5089465E+06 
 0.1581727E+01  0.4575079E-03  0.3654190E-16 -0.4552215E-13  0.6429313E-05  0.6589925E-01  0.1384602E-03  0.1994511E-01  0.7182097E+03 -0.3457267E+04  0.1582425E+05  0.6386288E+03  0.8598925E-01  0.1027804E+07  0.3718090E+06  0.4328913E-02  0.2228239E+02  0.1195604E+04  0.5293196E+06 
 0.1622284E+01  0.4680555E-03  0.3671482E-16 -0.1965610E-13  0.5093807E-05  0.6717522E-01  0.1408647E-03  0.2033286E-01  0.7167612E+03 -0.3466008E+04  0.1590353E+05  0.6296480E+03  0.8765404E-01  0.1053007E+07  0.3612676E+06  0.4328913E-02  0.2228239E+02  0.1208888E+04  0.5416192E+06 
 0.1662841E+01  0.4772647E-03  0.3775021E-16 -0.8708859E-14  0.4384992E-05  0.6963235E-01  0.1458909E-03  0.2107754E-01  0.7155335E+03 -0.3484107E+04  0.1642311E+05  0.6272808E+03  0.9086017E-01  0.1102952E+07  0.3565908E+06  0.4328913E-02  0.2228239E+02  0.1244469E+04  0.5669666E+06 
 0.1703398E+01  0.4862714E-03  0.3892655E-16 -0.4996347E-14  0.3862520E-05  0.7222449E-01  0.1512461E-03  0.2186289E-01  0.7141685E+03 -0.3502979E+04  0.1700787E+05  0.6263053E+03  0.9424249E-01  0.1156437E+07  0.3536114E+06  0.4328913E-02  0.2228239E+02  0.1280874E+04  0.5941988E+06 
 0.1743956E+01  0.4953438E-03  0.4005722E-16 -0.5307733E-14  0.3434971E-05  0.7466538E-01  0.1563083E-03  0.2260234E-01  0.7125522E+03 -0.3520697E+04  0.1756435E+05  0.6256563E+03  0.9742747E-01  0.1207644E+07  0.3514001E+06  0.4328913E-02  0.2228239E+02  0.1312069E+04  0.6202760E+06 
 0.1784513E+01  0.5056769E-03  0.4044991E-16 -0.4628712E-14  0.3017934E-05  0.7568372E-01  0.1584091E-03  0.2291109E-01  0.7107161E+03 -0.3528958E+04  0.1766254E+05  0.6206912E+03  0.9875624E-01  0.1229865E+07  0.3456599E+06  0.4328913E-02  0.2228239E+02  0.1316114E+04  0.6312368E+06 
 0.1825070E+01  0.5164257E-03  0.4058121E-16 -0.4289700E-14  0.2653869E-05  0.7616730E-01  0.1594050E-03  0.2305787E-01  0.7086757E+03 -0.3534041E+04  0.1760869E+05  0.6148723E+03  0.9938723E-01  0.1241291E+07  0.3392909E+06  0.4328913E-02  0.2228239E+02  0.1309128E+04  0.6366160E+06 
 0.1865627E+01  0.5260076E-03  0.4133493E-16 -0.4012393E-14  0.2384806E-05  0.7778491E-01  0.1627862E-03  0.2354789E-01  0.7063534E+03 -0.3546768E+04  0.1795018E+05  0.6137637E+03  0.1014980E+00  0.1276800E+07  0.3373476E+06  0.4328913E-02  0.2228239E+02  0.1319161E+04  0.6546056E+06 
 0.1906184E+01  0.5374847E-03  0.4101917E-16 -0.3744157E-14  0.2102238E-05  0.7735953E-01  0.1619018E-03  0.2341938E-01  0.7040394E+03 -0.3546489E+04  0.1764184E+05  0.6065391E+03  0.1009429E+00  0.1269618E+07  0.3298581E+06  0.4328913E-02  0.2228239E+02  0.1294469E+04  0.6503791E+06 
 0.1946741E+01  0.5472654E-03  0.4160459E-16 -0.3631523E-14  0.1910545E-05  0.7860544E-01  0.1645231E-03  0.2379678E-01  0.7015835E+03 -0.3557215E+04  0.1789825E+05  0.6056024E+03  0.1025687E+00  0.1297881E+07  0.3283144E+06  0.4328913E-02  0.2228239E+02  0.1296616E+04  0.6646701E+06 
 0.1987298E+01  0.5574817E-03  0.4192926E-16 -0.3512183E-14  0.1739407E-05  0.7933820E-01  0.1660767E-03  0.2401879E-01  0.6992037E+03 -0.3564778E+04  0.1800506E+05  0.6035906E+03  0.1035248E+00  0.1315556E+07  0.3258815E+06  0.4328913E-02  0.2228239E+02  0.1290558E+04  0.6734829E+06 
 0.2027855E+01  0.5695236E-03  0.4128041E-16 -0.3333328E-14  0.1551721E-05  0.7821382E-01  0.1637482E-03  0.2367855E-01  0.6969941E+03 -0.3560617E+04  0.1752838E+05  0.5960589E+03  0.1020577E+00  0.1293886E+07  0.3182034E+06  0.4328913E-02  0.2228239E+02  0.1255786E+04  0.6618530E+06 
 0.2068412E+01  0.5793079E-03  0.4181499E-16 -0.3231740E-14  0.1425652E-05  0.7932087E-01  0.1660969E-03  0.2401384E-01  0.6946214E+03 -0.3570489E+04  0.1776990E+05  0.5958390E+03  0.1035022E+00  0.1319487E+07  0.3175710E+06  0.4328913E-02  0.2228239E+02  0.1255749E+04  0.6748279E+06 
 0.2108969E+01  0.5889111E-03  0.4243940E-16 -0.3089358E-14  0.1312121E-05  0.8059246E-01  0.1687968E-03  0.2439893E-01  0.6922492E+03 -0.3581134E+04  0.1806847E+05  0.5962914E+03  0.1051615E+00  0.1348646E+07  0.3177126E+06  0.4328913E-02  0.2228239E+02  0.1257932E+04  0.6896635E+06 
 0.2149527E+01  0.6010342E-03  0.4176553E-16 -0.2946936E-14  0.1170716E-05  0.7939094E-01  0.1663225E-03  0.2403528E-01  0.6901110E+03 -0.3576380E+04  0.1759076E+05  0.5893126E+03  0.1035937E+00  0.1325015E+07  0.3105464E+06  0.4328913E-02  0.2228239E+02  0.1223364E+04  0.6770808E+06 
 0.2190084E+01  0.6126693E-03  0.4136621E-16 -0.2818002E-14  0.1051537E-05  0.7870223E-01  0.1649268E-03  0.2382686E-01  0.6880525E+03 -0.3574659E+04  0.1728574E+05  0.5841620E+03  0.1026951E+00  0.1312257E+07  0.3052116E+06  0.4328913E-02  0.2228239E+02  0.1197767E+04  0.6701778E+06 
 0.2230641E+01  0.6199434E-03  0.4317275E-16 -0.2713138E-14  0.9957221E-06  0.8220579E-01  0.1723235E-03  0.2488764E-01  0.6857765E+03 -0.3598136E+04  0.1829282E+05  0.5918491E+03  0.1072667E+00  0.1388738E+07  0.3127638E+06  0.4328913E-02  0.2228239E+02  0.1233912E+04  0.7096193E+06 
 0.2271198E+01  0.6265575E-03  0.4538099E-16 -0.2617370E-14  0.9494386E-06  0.8647431E-01  0.1813348E-03  0.2618000E-01  0.6835691E+03 -0.3624884E+04  0.1956930E+05  0.6018954E+03  0.1128366E+00  0.1482648E+07  0.3233708E+06  0.4328913E-02  0.2228239E+02  0.1280598E+04  0.7581641E+06 
 0.2311755E+01  0.6347397E-03  0.4678619E-16 -0.2477312E-14  0.8877661E-06  0.8921211E-01  0.1871476E-03  0.2700892E-01  0.6815503E+03 -0.3642052E+04  0.2036717E+05  0.6072113E+03  0.1164091E+00  0.1544113E+07  0.3293702E+06  0.4328913E-02  0.2228239E+02  0.1304860E+04  0.7898581E+06 
 0.2352312E+01  0.6450788E-03  0.4702613E-16 -0.2352803E-14  0.8096545E-06  0.8972448E-01  0.1883004E-03  0.2716410E-01  0.6796918E+03 -0.3646550E+04  0.2044192E+05  0.6059598E+03  0.1170777E+00  0.1556820E+07  0.3282264E+06  0.4328913E-02  0.2228239E+02  0.1297383E+04  0.7961924E+06 
 0.2392869E+01  0.6562984E-03  0.4681316E-16 -0.2223180E-14  0.7316381E-06  0.8936791E-01  0.1876356E-03  0.2705619E-01  0.6779782E+03 -0.3646008E+04  0.2024186E+05  0.6024234E+03  0.1166125E+00  0.1550173E+07  0.3245031E+06  0.4328913E-02  0.2228239E+02  0.1278565E+04  0.7924863E+06 
 0.2433426E+01  0.6710754E-03  0.4485674E-16 -0.2085223E-14  0.6363670E-06  0.8567667E-01  0.1799715E-03  0.2593869E-01  0.6765243E+03 -0.3626159E+04  0.1899783E+05  0.5897588E+03  0.1117960E+00  0.1470009E+07  0.3106617E+06  0.4328913E-02  0.2228239E+02  0.1214706E+04  0.7506539E+06 
 0.2473983E+01  0.6819526E-03  0.4490903E-16 -0.1951430E-14  0.5783336E-06  0.8581654E-01  0.1803577E-03  0.2598106E-01  0.6751001E+03 -0.3627794E+04  0.1897304E+05  0.5880295E+03  0.1119785E+00  0.1473737E+07  0.3088801E+06  0.4328913E-02  0.2228239E+02  0.1205904E+04  0.7523926E+06 
 0.2514541E+01  0.6900603E-03  0.4638264E-16 -0.1849382E-14  0.5424607E-06  0.8867014E-01  0.1864565E-03  0.2684501E-01  0.6736645E+03 -0.3643943E+04  0.1980112E+05  0.5939439E+03  0.1157022E+00  0.1536330E+07  0.3155238E+06  0.4328913E-02  0.2228239E+02  0.1234828E+04  0.7846867E+06 
 0.2555098E+01  0.7012549E-03  0.4635149E-16 -0.1719093E-14  0.4927651E-06  0.8864490E-01  0.1865107E-03  0.2683738E-01  0.6723883E+03 -0.3643608E+04  0.1972979E+05  0.5919726E+03  0.1156693E+00  0.1535611E+07  0.3134277E+06  0.4328913E-02  0.2228239E+02  0.1224595E+04  0.7841478E+06 
 0.2595655E+01  0.7155956E-03  0.4487919E-16 -0.1593739E-14  0.4338411E-06  0.8585971E-01  0.1807608E-03  0.2599416E-01  0.6712931E+03 -0.3627265E+04  0.1880805E+05  0.5826224E+03  0.1120351E+00  0.1474051E+07  0.3031391E+06  0.4328913E-02  0.2228239E+02  0.1177940E+04  0.7520911E+06 
 0.2636212E+01  0.7247932E-03  0.4589436E-16 -0.1495427E-14  0.4036082E-06  0.8783066E-01  0.1850296E-03  0.2659086E-01  0.6700777E+03 -0.3637192E+04  0.1935917E+05  0.5862372E+03  0.1146069E+00  0.1516154E+07  0.3071453E+06  0.4328913E-02  0.2228239E+02  0.1195735E+04  0.7737776E+06 
 0.2676769E+01  0.7349847E-03  0.4648767E-16 -0.1405476E-14  0.3721580E-06  0.8899288E-01  0.1876057E-03  0.2694271E-01  0.6689086E+03 -0.3641938E+04  0.1966582E+05  0.5877455E+03  0.1161236E+00  0.1540230E+07  0.3088345E+06  0.4328913E-02  0.2228239E+02  0.1202587E+04  0.7861402E+06 
 0.2717326E+01  0.7438584E-03  0.4777387E-16 -0.1306414E-14  0.3487024E-06  0.9148031E-01  0.1929869E-03  0.2769576E-01  0.6677104E+03 -0.3653015E+04  0.2039174E+05  0.5928696E+03  0.1193694E+00  0.1592928E+07  0.3145863E+06  0.4328913E-02  0.2228239E+02  0.1226790E+04  0.8133680E+06 
 0.2757883E+01  0.7528278E-03  0.4908641E-16 -0.1214557E-14  0.3270447E-06  0.9401734E-01  0.1984873E-03  0.2846382E-01  0.6665161E+03 -0.3663365E+04  0.2114248E+05  0.5981087E+03  0.1226800E+00  0.1646395E+07  0.3205226E+06  0.4328913E-02  0.2228239E+02  0.1251216E+04  0.8410242E+06 
 0.2798440E+01  0.7627016E-03  0.5002024E-16 -0.1129063E-14  0.3045786E-06  0.9582841E-01  0.2024697E-03  0.2901209E-01  0.6653166E+03 -0.3669116E+04  0.2166721E+05  0.6013685E+03  0.1250433E+00  0.1683384E+07  0.3241848E+06  0.4328913E-02  0.2228239E+02  0.1265539E+04  0.8601456E+06 
 0.2838997E+01  0.7751440E-03  0.4974684E-16 -0.1046712E-14  0.2772405E-06  0.9532535E-01  0.2015726E-03  0.2885975E-01  0.6640740E+03 -0.3662542E+04  0.2145345E+05  0.5985774E+03  0.1243869E+00  0.1668553E+07  0.3207754E+06  0.4328913E-02  0.2228239E+02  0.1248864E+04  0.8523733E+06 
 0.2879554E+01  0.7841416E-03  0.5125853E-16 -0.9651447E-15  0.2619010E-06  0.9824174E-01  0.2079186E-03  0.2974264E-01  0.6628500E+03 -0.3672238E+04  0.2233729E+05  0.6047359E+03  0.1281926E+00  0.1728719E+07  0.3276827E+06  0.4328913E-02  0.2228239E+02  0.1276935E+04  0.8835687E+06 
 0.2920112E+01  0.7952492E-03  0.5181343E-16 -0.8931585E-15  0.2433757E-06  0.9932383E-01  0.2103967E-03  0.3007019E-01  0.6615795E+03 -0.3671945E+04  0.2263573E+05  0.6061389E+03  0.1296047E+00  0.1747483E+07  0.3289930E+06  0.4328913E-02  0.2228239E+02  0.1280412E+04  0.8932831E+06 
 0.2960669E+01  0.8085709E-03  0.5137436E-16 -0.8153780E-15  0.2223518E-06  0.9849922E-01  0.2088447E-03  0.2982048E-01  0.6602311E+03 -0.3661607E+04  0.2232394E+05  0.6027939E+03  0.1285288E+00  0.1723232E+07  0.3247163E+06  0.4328913E-02  0.2228239E+02  0.1258693E+04  0.8806748E+06 
 0.3001226E+01  0.8186281E-03  0.5263453E-16 -0.7498643E-15  0.2104373E-06  0.1009319E+00  0.2142108E-03  0.3055690E-01  0.6589869E+03 -0.3666165E+04  0.2305973E+05  0.6076540E+03  0.1317032E+00  0.1770192E+07  0.3298892E+06  0.4328913E-02  0.2228239E+02  0.1279346E+04  0.9050763E+06 
 0.3041783E+01  0.8324502E-03  0.5217725E-16 -0.6834121E-15  0.1932493E-06  0.1000703E+00  0.2125978E-03  0.3029600E-01  0.6576294E+03 -0.3654012E+04  0.2274055E+05  0.6044016E+03  0.1305791E+00  0.1743466E+07  0.3256445E+06  0.4328913E-02  0.2228239E+02  0.1257197E+04  0.8912264E+06 
 0.3082340E+01  0.8435312E-03  0.5314620E-16 -0.6256050E-15  0.1829145E-06  0.1019432E+00  0.2168056E-03  0.3086293E-01  0.6564226E+03 -0.3654091E+04  0.2329935E+05  0.6078762E+03  0.1330231E+00  0.1776176E+07  0.3290814E+06  0.4328913E-02  0.2228239E+02  0.1270608E+04  0.9082693E+06 
 0.3122897E+01  0.8555821E-03  0.5376630E-16 -0.5690325E-15  0.1726147E-06  0.1031466E+00  0.2196047E-03  0.3122719E-01  0.6552673E+03 -0.3650026E+04  0.2364663E+05  0.6097381E+03  0.1345936E+00  0.1793149E+07  0.3306283E+06  0.4328913E-02  0.2228239E+02  0.1275851E+04  0.9171655E+06 
 0.3163454E+01  0.8705958E-03  0.5310627E-16 -0.5140887E-15  0.1596490E-06  0.1018935E+00  0.2171824E-03  0.3084773E-01  0.6540599E+03 -0.3633666E+04  0.2320931E+05  0.6058208E+03  0.1329586E+00  0.1755523E+07  0.3257180E+06  0.4328913E-02  0.2228239E+02  0.1250325E+04  0.8977175E+06 
 0.3204011E+01  0.8850782E-03  0.5282122E-16 -0.4646625E-15  0.1492622E-06  0.1013593E+00  0.2162977E-03  0.3068590E-01  0.6529964E+03 -0.3620032E+04  0.2300680E+05  0.6036996E+03  0.1322616E+00  0.1733240E+07  0.3229812E+06  0.4328913E-02  0.2228239E+02  0.1235023E+04  0.8862613E+06 
 0.3244568E+01  0.8964224E-03  0.5405321E-16 -0.4200881E-15  0.1441582E-06  0.1037356E+00  0.2216388E-03  0.3140522E-01  0.6522389E+03 -0.3619464E+04  0.2372789E+05  0.6083574E+03  0.1353626E+00  0.1773321E+07  0.3276184E+06  0.4328913E-02  0.2228239E+02  0.1257626E+04  0.9072107E+06 
 0.3285126E+01  0.9102735E-03  0.5425657E-16 -0.3794672E-15  0.1371422E-06  0.1041378E+00  0.2227795E-03  0.3152689E-01  0.6515662E+03 -0.3608943E+04  0.2382444E+05  0.6084729E+03  0.1358877E+00  0.1769865E+07  0.3274181E+06  0.4328913E-02  0.2228239E+02  0.1256855E+04  0.9055689E+06 
 0.3325683E+01  0.9235466E-03  0.5481178E-16 -0.3395305E-15  0.1318776E-06  0.1052152E+00  0.2253790E-03  0.3185295E-01  0.6511481E+03 -0.3600991E+04  0.2413745E+05  0.6101538E+03  0.1372937E+00  0.1780306E+07  0.3289545E+06  0.4328913E-02  0.2228239E+02  0.1266321E+04  0.9111663E+06 
 0.3366240E+01  0.9427282E-03  0.5293940E-16 -0.3017795E-15  0.1218152E-06  0.1016319E+00  0.2179961E-03  0.3076801E-01  0.6506473E+03 -0.3570742E+04  0.2298163E+05  0.6014188E+03  0.1326180E+00  0.1690906E+07  0.3201710E+06  0.4328913E-02  0.2228239E+02  0.1219108E+04  0.8649132E+06 
 0.3406797E+01  0.9520806E-03  0.5529804E-16 -0.2705897E-15  0.1222160E-06  0.1061711E+00  0.2280494E-03  0.3214210E-01  0.6508602E+03 -0.3578265E+04  0.2438489E+05  0.6108574E+03  0.1385414E+00  0.1773881E+07  0.3296111E+06  0.4328913E-02  0.2228239E+02  0.1275375E+04  0.9082145E+06 
 0.3447354E+01  0.9643732E-03  0.5650772E-16 -0.2412994E-15  0.1204676E-06  0.1085049E+00  0.2333975E-03  0.3284852E-01  0.6512984E+03 -0.3574709E+04  0.2510526E+05  0.6153752E+03  0.1415870E+00  0.1809276E+07  0.3342402E+06  0.4328913E-02  0.2228239E+02  0.1307235E+04  0.9268451E+06 
 0.3487911E+01  0.9797644E-03  0.5646656E-16 -0.2131424E-15  0.1166027E-06  0.1084370E+00  0.2335977E-03  0.3282781E-01  0.6518143E+03 -0.3559949E+04  0.2505617E+05  0.6145559E+03  0.1414985E+00  0.1793244E+07  0.3337510E+06  0.4328913E-02  0.2228239E+02  0.1310924E+04  0.9187372E+06 
 0.3528468E+01  0.9939221E-03  0.5702334E-16 -0.1884199E-15  0.1145185E-06  0.1095176E+00  0.2362872E-03  0.3315481E-01  0.6526893E+03 -0.3550045E+04  0.2537750E+05  0.6162947E+03  0.1429088E+00  0.1801054E+07  0.3358882E+06  0.4328913E-02  0.2228239E+02  0.1331729E+04  0.9230503E+06 
 0.3569025E+01  0.1010943E-02  0.5646741E-16 -0.1649251E-15  0.1107161E-06  0.1084607E+00  0.2343764E-03  0.3283472E-01  0.6536249E+03 -0.3530392E+04  0.2501594E+05  0.6134330E+03  0.1415299E+00  0.1763982E+07  0.3339977E+06  0.4328913E-02  0.2228239E+02  0.1327104E+04  0.9040145E+06 
 0.3609582E+01  0.1023822E-02  0.5766732E-16 -0.1445962E-15  0.1108052E-06  0.1107767E+00  0.2397684E-03  0.3353570E-01  0.6550756E+03 -0.3525595E+04  0.2573458E+05  0.6178610E+03  0.1445523E+00  0.1796759E+07  0.3388473E+06  0.4328913E-02  0.2228239E+02  0.1368530E+04  0.9213487E+06 
 0.3650139E+01  0.1035982E-02  0.5923429E-16 -0.1268600E-15  0.1119130E-06  0.1137981E+00  0.2467185E-03  0.3445020E-01  0.6568883E+03 -0.3523362E+04  0.2668969E+05  0.6237780E+03  0.1484951E+00  0.1843430E+07  0.3450773E+06  0.4328913E-02  0.2228239E+02  0.1422760E+04  0.9459620E+06 
 0.3690697E+01  0.1052680E-02  0.5899689E-16 -0.1092666E-15  0.1099421E-06  0.1133534E+00  0.2461762E-03  0.3431544E-01  0.6585755E+03 -0.3506002E+04  0.2652263E+05  0.6223039E+03  0.1479152E+00  0.1818181E+07  0.3449705E+06  0.4328913E-02  0.2228239E+02  0.1432982E+04  0.9331025E+06 
 0.3731254E+01  0.1066244E-02  0.6008599E-16 -0.9463321E-16  0.1107584E-06  0.1154577E+00  0.2511888E-03  0.3495229E-01  0.6606936E+03 -0.3499436E+04  0.2718597E+05  0.6262414E+03  0.1506613E+00  0.1845006E+07  0.3496420E+06  0.4328913E-02  0.2228239E+02  0.1479909E+04  0.9474100E+06 
 0.3771811E+01  0.1078483E-02  0.6177963E-16 -0.8160802E-16  0.1129416E-06  0.1187246E+00  0.2587652E-03  0.3594109E-01  0.6631616E+03 -0.3497330E+04  0.2823822E+05  0.6325803E+03  0.1549246E+00  0.1894932E+07  0.3563901E+06  0.4328913E-02  0.2228239E+02  0.1546351E+04  0.9738110E+06 
 0.3812368E+01  0.1096014E-02  0.6137920E-16 -0.6944936E-16  0.1115489E-06  0.1179672E+00  0.2575929E-03  0.3571162E-01  0.6652992E+03 -0.3478394E+04  0.2796809E+05  0.6305503E+03  0.1539365E+00  0.1862513E+07  0.3563780E+06  0.4328913E-02  0.2228239E+02  0.1557815E+04  0.9572313E+06 
 0.3852925E+01  0.1112809E-02  0.6133660E-16 -0.5914582E-16  0.1110506E-06  0.1178981E+00  0.2579319E-03  0.3569050E-01  0.6675841E+03 -0.3462341E+04  0.2792881E+05  0.6300328E+03  0.1538466E+00  0.1844284E+07  0.3578958E+06  0.4328913E-02  0.2228239E+02  0.1579875E+04  0.9480687E+06 
 0.3893482E+01  0.1127686E-02  0.6209298E-16 -0.5000835E-16  0.1122045E-06  0.1193647E+00  0.2616506E-03  0.3613427E-01  0.6700879E+03 -0.3452629E+04  0.2839483E+05  0.6326741E+03  0.1557607E+00  0.1856768E+07  0.3619975E+06  0.4328913E-02  0.2228239E+02  0.1625245E+04  0.9549572E+06 
 0.3934039E+01  0.1143756E-02  0.6243716E-16 -0.4185236E-16  0.1127972E-06  0.1200391E+00  0.2636564E-03  0.3633822E-01  0.6725565E+03 -0.3439578E+04  0.2860335E+05  0.6337382E+03  0.1566411E+00  0.1853173E+07  0.3650910E+06  0.4328913E-02  0.2228239E+02  0.1660162E+04  0.9534568E+06 
 0.3974596E+01  0.1158392E-02  0.6337488E-16 -0.3507376E-16  0.1146289E-06  0.1218554E+00  0.2681961E-03  0.3688784E-01  0.6751738E+03 -0.3431132E+04  0.2919097E+05  0.6371160E+03  0.1590115E+00  0.1871989E+07  0.3699690E+06  0.4328913E-02  0.2228239E+02  0.1713237E+04  0.9636884E+06 
 0.4015153E+01  0.1183917E-02  0.6041797E-16 -0.2892434E-16  0.1095536E-06  0.1161829E+00  0.2562503E-03  0.3517047E-01  0.6770660E+03 -0.3391414E+04  0.2733422E+05  0.6257173E+03  0.1516098E+00  0.1743768E+07  0.3656130E+06  0.4328913E-02  0.2228239E+02  0.1652915E+04  0.8970648E+06 
 0.4055711E+01  0.1196214E-02  0.6222074E-16 -0.2383247E-16  0.1132300E-06  0.1196635E+00  0.2644931E-03  0.3622388E-01  0.6796008E+03 -0.3390456E+04  0.2845427E+05  0.6324098E+03  0.1561520E+00  0.1794997E+07  0.3727348E+06  0.4328913E-02  0.2228239E+02  0.1729454E+04  0.9242151E+06 
