          x, m           t, s      e-, kg/m3       N, kg/m3       O, kg/m3      N2, kg/m3      NO, kg/m3      O2, kg/m3         Tve, K         u, m/s          p, Pa         Ttr, K     rho, kg/m3         Pp, Pa       Ht, J/kg         TOF, s         POI, m          Ev, J           E, J 

 0.0000000E+00  0.0000000E+00  0.1000000E-14  0.2831301E-03  0.3168253E-03  0.7650103E-03  0.3386730E-05  0.4410533E-07  0.5413753E+04 -0.5522308E+04  0.3035066E+04  0.5413753E+04  0.1368397E-02  0.4173047E+05  0.1754217E+08  0.0000000E+00  0.3427393E+02  0.1062160E+04  0.4172503E+05 
 0.2330275E-01  0.4208344E-05  0.1005191E-14  0.2872341E-03  0.3189761E-03  0.7680157E-03  0.3405714E-05  0.4418416E-07  0.5420440E+04 -0.5537273E+04  0.3070025E+04  0.5432982E+04  0.1377676E-02  0.4224146E+05  0.1761644E+08  0.7224476E-04  0.3384604E+02  0.1069533E+04  0.4221802E+05 
 0.4660550E-01  0.8312342E-05  0.1005145E-14  0.2901988E-03  0.3195364E-03  0.7668849E-03  0.3397360E-05  0.4386166E-07  0.5426391E+04 -0.5606783E+04  0.3082433E+04  0.5438458E+04  0.1380061E-02  0.4338364E+05  0.1766280E+08  0.1444895E-03  0.3341712E+02  0.1071023E+04  0.4291618E+05 
 0.6990825E-01  0.1235865E-04  0.1003524E-14  0.2931251E-03  0.3196741E-03  0.7643879E-03  0.3379811E-05  0.4337938E-07  0.5432350E+04 -0.5656623E+04  0.3089391E+04  0.5440538E+04  0.1380610E-02  0.4417592E+05  0.1772370E+08  0.2167343E-03  0.3298735E+02  0.1070753E+04  0.4341916E+05 
 0.9321100E-01  0.1636515E-04  0.9997133E-15  0.2959445E-03  0.3192134E-03  0.7600100E-03  0.3349876E-05  0.4269221E-07  0.5438411E+04 -0.5695700E+04  0.3088544E+04  0.5437837E+04  0.1378560E-02  0.4472188E+05  0.1779522E+08  0.3612238E-03  0.3212565E+02  0.1068061E+04  0.4376860E+05 
 0.1165137E+00  0.2032597E-04  0.9962896E-15  0.2996351E-03  0.3190119E-03  0.7556166E-03  0.3321436E-05  0.4198854E-07  0.5446201E+04 -0.5732260E+04  0.3092667E+04  0.5437687E+04  0.1377627E-02  0.4526717E+05  0.1788846E+08  0.4334686E-03  0.3169357E+02  0.1066208E+04  0.4415952E+05 
 0.1398165E+00  0.2424347E-04  0.9926741E-15  0.3042963E-03  0.3189335E-03  0.7506536E-03  0.3289697E-05  0.4118782E-07  0.5455831E+04 -0.5767181E+04  0.3100318E+04  0.5439245E+04  0.1377214E-02  0.4580667E+05  0.1800774E+08  0.5759392E-03  0.3083898E+02  0.1064551E+04  0.4458684E+05 
 0.1631192E+00  0.2813955E-04  0.9861468E-15  0.3094238E-03  0.3181618E-03  0.7429197E-03  0.3242482E-05  0.4011731E-07  0.5467323E+04 -0.5796796E+04  0.3100141E+04  0.5435751E+04  0.1373788E-02  0.4616318E+05  0.1815257E+08  0.7065181E-03  0.3005308E+02  0.1060084E+04  0.4490830E+05 
 0.1864220E+00  0.3200800E-04  0.9775011E-15  0.3159451E-03  0.3170655E-03  0.7327074E-03  0.3183514E-05  0.3893133E-07  0.5482504E+04 -0.5824231E+04  0.3098715E+04  0.5430837E+04  0.1368940E-02  0.4643675E+05  0.1834251E+08  0.9323845E-03  0.2868722E+02  0.1054084E+04  0.4522280E+05 
 0.2097247E+00  0.3586665E-04  0.9644796E-15  0.3242162E-03  0.3150955E-03  0.7178876E-03  0.3106432E-05  0.5104331E-07  0.5502930E+04 -0.5847346E+04  0.3089802E+04  0.5420259E+04  0.1360357E-02  0.4651259E+05  0.1859709E+08  0.1198369E-02  0.2706839E+02  0.1044408E+04  0.4546129E+05 
 0.2330275E+00  0.3971291E-04  0.9510464E-15  0.3313697E-03  0.3129872E-03  0.7065194E-03  0.3312038E-05  0.7994062E-06  0.5521713E+04 -0.5867802E+04  0.3076777E+04  0.5397147E+04  0.1354988E-02  0.4665372E+05  0.1878086E+08  0.1670959E-02  0.2416395E+02  0.1039698E+04  0.4569587E+05 
 0.2563302E+00  0.4353437E-04  0.9321269E-15  0.3310343E-03  0.3117969E-03  0.7558666E-03  0.8531608E-05  0.1482559E-04  0.5523159E+04 -0.5887998E+04  0.3063928E+04  0.5201997E+04  0.1422055E-02  0.4930053E+05  0.1795619E+08  0.1979013E-02  0.2225107E+02  0.1132297E+04  0.4712016E+05 
 0.2796330E+00  0.4733466E-04  0.8543180E-15  0.3042044E-03  0.3129501E-03  0.1153415E-02  0.4488986E-04  0.1119838E-03  0.5462926E+04 -0.5907573E+04  0.3045210E+04  0.4189018E+04  0.1927444E-02  0.6726666E+05  0.1330324E+08  0.1979013E-02  0.2225107E+02  0.1802895E+04  0.5622914E+05 
 0.3029357E+00  0.5111531E-04  0.6629601E-15  0.2288900E-03  0.3222293E-03  0.2232375E-02  0.1411993E-03  0.3696933E-03  0.5266196E+04 -0.5926517E+04  0.3025985E+04  0.2748691E+04  0.3294387E-02  0.1157107E+06  0.7692201E+07  0.1979013E-02  0.2225107E+02  0.3472076E+04  0.8017044E+05 
 0.3262385E+00  0.5492282E-04  0.4198625E-15  0.1347164E-03  0.3312469E-03  0.3656468E-02  0.2721373E-03  0.7130745E-03  0.4920690E+04 -0.5939944E+04  0.3004697E+04  0.1880577E+04  0.5107644E-02  0.1802127E+06  0.4748053E+07  0.1979013E-02  0.2225107E+02  0.5268990E+04  0.1113523E+06 
 0.3495412E+00  0.5876146E-04  0.2326725E-15  0.7133621E-04  0.3268671E-03  0.4823058E-02  0.3780805E-03  0.1010731E-02  0.4551341E+04 -0.5948478E+04  0.2984615E+04  0.1484352E+04  0.6610073E-02  0.2338934E+06  0.3482281E+07  0.1979013E-02  0.2225107E+02  0.6272760E+04  0.1369780E+06 
 0.3728440E+00  0.6261368E-04  0.1257244E-15  0.3670027E-04  0.3253684E-03  0.5538896E-02  0.4406229E-03  0.1194437E-02  0.4299473E+04 -0.5954673E+04  0.2965413E+04  0.1308160E+04  0.7536025E-02  0.2672133E+06  0.2935359E+07  0.1979013E-02  0.2225107E+02  0.6651199E+04  0.1527584E+06 
 0.3961467E+00  0.6647417E-04  0.7518860E-16  0.1905966E-04  0.3279175E-03  0.5904251E-02  0.4741019E-03  0.1284359E-02  0.4140454E+04 -0.5959408E+04  0.2945674E+04  0.1227996E+04  0.8009689E-02  0.2844605E+06  0.2689856E+07  0.1979013E-02  0.2225107E+02  0.6710227E+04  0.1608241E+06 
 0.4194495E+00  0.7033132E-04  0.5339176E-16  0.1070820E-04  0.3305048E-03  0.6083057E-02  0.4899879E-03  0.1327397E-02  0.4036088E+04 -0.5963907E+04  0.2928884E+04  0.1188769E+04  0.8241655E-02  0.2931407E+06  0.2570002E+07  0.1979013E-02  0.2225107E+02  0.6654243E+04  0.1648156E+06 
 0.4427522E+00  0.7418496E-04  0.4378915E-16  0.6542049E-05  0.3327030E-03  0.6178248E-02  0.4983682E-03  0.1349666E-02  0.3961440E+04 -0.5968221E+04  0.2913950E+04  0.1166130E+04  0.8365527E-02  0.2979773E+06  0.2502352E+07  0.1979013E-02  0.2225107E+02  0.6569475E+04  0.1669996E+06 
 0.4660550E+00  0.7803588E-04  0.3895245E-16  0.4159528E-05  0.3344670E-03  0.6235530E-02  0.5033774E-03  0.1362694E-02  0.3904027E+04 -0.5972317E+04  0.2899858E+04  0.1150695E+04  0.8440228E-02  0.3010508E+06  0.2457682E+07  0.1979013E-02  0.2225107E+02  0.6483711E+04  0.1683586E+06 
 0.4893577E+00  0.8187583E-04  0.3611461E-16  0.2658132E-05  0.3361173E-03  0.6279098E-02  0.5069240E-03  0.1372463E-02  0.3857104E+04 -0.5976828E+04  0.2889969E+04  0.1139350E+04  0.8497260E-02  0.3035432E+06  0.2425043E+07  0.1979013E-02  0.2225107E+02  0.6408367E+04  0.1694755E+06 
 0.5126605E+00  0.8571013E-04  0.3431859E-16  0.1604420E-05  0.3374900E-03  0.6311725E-02  0.5089376E-03  0.1379908E-02  0.3817251E+04 -0.5981329E+04  0.2881542E+04  0.1130562E+04  0.8539664E-02  0.3055175E+06  0.2399368E+07  0.1979013E-02  0.2225107E+02  0.6338586E+04  0.1703524E+06 
 0.5359632E+00  0.8953540E-04  0.3296032E-16  0.8785800E-06  0.3388579E-03  0.6340685E-02  0.5115162E-03  0.1386069E-02  0.3781760E+04 -0.5986049E+04  0.2875639E+04  0.1123315E+04  0.8578007E-02  0.3073738E+06  0.2378529E+07  0.1979013E-02  0.2225107E+02  0.6275936E+04  0.1711972E+06 
 0.5592660E+00  0.9334948E-04  0.3196863E-16  0.2619123E-06  0.3401653E-03  0.6369642E-02  0.5139726E-03  0.1392421E-02  0.3749468E+04 -0.5991099E+04  0.2872806E+04  0.1117304E+04  0.8616463E-02  0.3092730E+06  0.2360280E+07  0.1979013E-02  0.2225107E+02  0.6221034E+04  0.1720809E+06 
 0.5825687E+00  0.9715596E-04  0.3115251E-16 -0.1930522E-06  0.3414030E-03  0.6397152E-02  0.5159693E-03  0.1398623E-02  0.3719757E+04 -0.5996223E+04  0.2871522E+04  0.1112176E+04  0.8652955E-02  0.3111143E+06  0.2344303E+07  0.1979013E-02  0.2225107E+02  0.6170490E+04  0.1729464E+06 
 0.6058715E+00  0.1009579E-03  0.3054349E-16 -0.8823988E-07  0.3425318E-03  0.6422479E-02  0.5179989E-03  0.1404285E-02  0.3691951E+04 -0.6001231E+04  0.2870666E+04  0.1107470E+04  0.8687207E-02  0.3128677E+06  0.2331557E+07  0.1979013E-02  0.2225107E+02  0.6122854E+04  0.1737908E+06 
 0.6291742E+00  0.1047634E-03  0.2999541E-16  0.5345133E-06  0.3433386E-03  0.6441316E-02  0.5195066E-03  0.1408521E-02  0.3665829E+04 -0.6005670E+04  0.2867481E+04  0.1102881E+04  0.8713217E-02  0.3142689E+06  0.2321409E+07  0.1979013E-02  0.2225107E+02  0.6073045E+04  0.1744641E+06 
 0.6524770E+00  0.1085673E-03  0.2956114E-16  0.1793038E-05  0.3439878E-03  0.6457078E-02  0.5207580E-03  0.1412096E-02  0.3641150E+04 -0.6009884E+04  0.2863926E+04  0.1098541E+04  0.8735713E-02  0.3155226E+06  0.2314333E+07  0.1979013E-02  0.2225107E+02  0.6023751E+04  0.1750817E+06 
 0.6757797E+00  0.1123701E-03  0.2909444E-16  0.2059717E-05  0.3446323E-03  0.6472829E-02  0.5219791E-03  0.1415700E-02  0.3617741E+04 -0.6013874E+04  0.2860088E+04  0.1094365E+04  0.8757200E-02  0.3167189E+06  0.2304079E+07  0.1979013E-02  0.2225107E+02  0.5977541E+04  0.1756404E+06 
 0.6990825E+00  0.1161717E-03  0.2878326E-16  0.2404001E-05  0.3452068E-03  0.6487292E-02  0.5230712E-03  0.1419044E-02  0.3595424E+04 -0.6017664E+04  0.2856081E+04  0.1090342E+04  0.8777018E-02  0.3178358E+06  0.2294593E+07  0.1979013E-02  0.2225107E+02  0.5932813E+04  0.1761621E+06 
 0.7223852E+00  0.1199725E-03  0.2845631E-16  0.2343321E-05  0.3457539E-03  0.6501476E-02  0.5241716E-03  0.1422340E-02  0.3574094E+04 -0.6021256E+04  0.2851942E+04  0.1086432E+04  0.8796085E-02  0.3189066E+06  0.2284000E+07  0.1979013E-02  0.2225107E+02  0.5890269E+04  0.1766491E+06 
 0.7456880E+00  0.1237715E-03  0.2819731E-16  0.2179919E-05  0.3463103E-03  0.6515831E-02  0.5252887E-03  0.1425681E-02  0.3553719E+04 -0.6024712E+04  0.2848128E+04  0.1082657E+04  0.8815291E-02  0.3199700E+06  0.2273460E+07  0.1979013E-02  0.2225107E+02  0.5850222E+04  0.1771324E+06 
 0.7689907E+00  0.1275763E-03  0.2796835E-16  0.2414344E-05  0.3466656E-03  0.6526380E-02  0.5260840E-03  0.1428199E-02  0.3534118E+04 -0.6027691E+04  0.2842605E+04  0.1078782E+04  0.8829743E-02  0.3208116E+06  0.2264495E+07  0.1979013E-02  0.2225107E+02  0.5808663E+04  0.1775096E+06 
 0.7922935E+00  0.1313800E-03  0.2777262E-16  0.2290325E-05  0.3470662E-03  0.6537780E-02  0.5269520E-03  0.1430907E-02  0.3515379E+04 -0.6030548E+04  0.2837598E+04  0.1075062E+04  0.8844996E-02  0.3216705E+06  0.2254621E+07  0.1979013E-02  0.2225107E+02  0.5770017E+04  0.1778885E+06 
 0.8155962E+00  0.1351875E-03  0.2758677E-16  0.1984151E-05  0.3474028E-03  0.6547965E-02  0.5277119E-03  0.1433357E-02  0.3497343E+04 -0.6033073E+04  0.2831902E+04  0.1071337E+04  0.8858421E-02  0.3224285E+06  0.2244259E+07  0.1979013E-02  0.2225107E+02  0.5732038E+04  0.1782092E+06 
 0.8388990E+00  0.1389986E-03  0.2741686E-16  0.1905201E-05  0.3476872E-03  0.6557162E-02  0.5283822E-03  0.1435598E-02  0.3479908E+04 -0.6035305E+04  0.2825854E+04  0.1067595E+04  0.8870734E-02  0.3231157E+06  0.2234877E+07  0.1979013E-02  0.2225107E+02  0.5694692E+04  0.1785009E+06 
 0.8622017E+00  0.1428143E-03  0.2726385E-16  0.2000871E-05  0.3478959E-03  0.6564900E-02  0.5289327E-03  0.1437522E-02  0.3463214E+04 -0.6037222E+04  0.2819367E+04  0.1063893E+04  0.8881251E-02  0.3237043E+06  0.2226377E+07  0.1979013E-02  0.2225107E+02  0.5657963E+04  0.1787478E+06 
 0.8855045E+00  0.1466331E-03  0.2712765E-16  0.2072158E-05  0.3481215E-03  0.6572922E-02  0.5294938E-03  0.1439513E-02  0.3447060E+04 -0.6038911E+04  0.2813114E+04  0.1060248E+04  0.8892123E-02  0.3242819E+06  0.2217987E+07  0.1979013E-02  0.2225107E+02  0.5622833E+04  0.1789906E+06 
 0.9088072E+00  0.1504582E-03  0.2700420E-16  0.2008946E-05  0.3483150E-03  0.6580355E-02  0.5299999E-03  0.1441382E-02  0.3431476E+04 -0.6040265E+04  0.2806517E+04  0.1056609E+04  0.8902060E-02  0.3247899E+06  0.2209244E+07  0.1979013E-02  0.2225107E+02  0.5588642E+04  0.1791939E+06 
 0.9321100E+00  0.1542879E-03  0.2689734E-16  0.1704980E-05  0.3485529E-03  0.6588570E-02  0.5305655E-03  0.1443422E-02  0.3416462E+04 -0.6041369E+04  0.2800248E+04  0.1053033E+04  0.8912815E-02  0.3253012E+06  0.2199831E+07  0.1979013E-02  0.2225107E+02  0.5556551E+04  0.1793945E+06 
 0.9554127E+00  0.1581153E-03  0.2681479E-16  0.1530708E-05  0.3489490E-03  0.6599849E-02  0.5313664E-03  0.1446143E-02  0.3401900E+04 -0.6042505E+04  0.2796078E+04  0.1049736E+04  0.8927838E-02  0.3259720E+06  0.2191313E+07  0.1979013E-02  0.2225107E+02  0.5528156E+04  0.1796897E+06 
 0.9787155E+00  0.1619501E-03  0.2674425E-16  0.1446361E-05  0.3493734E-03  0.6611579E-02  0.5322054E-03  0.1448960E-02  0.3387876E+04 -0.6043314E+04  0.2792138E+04  0.1046444E+04  0.8943564E-02  0.3266337E+06  0.2183263E+07  0.1979013E-02  0.2225107E+02  0.5501458E+04  0.1799860E+06 
 0.1002018E+01  0.1657895E-03  0.2668867E-16  0.1437068E-05  0.3498614E-03  0.6624529E-02  0.5331305E-03  0.1452050E-02  0.3374302E+04 -0.6043920E+04  0.2789195E+04  0.1043327E+04  0.8961009E-02  0.3273364E+06  0.2175775E+07  0.1979013E-02  0.2225107E+02  0.5476853E+04  0.1803105E+06 
 0.1025321E+01  0.1696268E-03  0.2666074E-16  0.1455074E-05  0.3505970E-03  0.6642173E-02  0.5344322E-03  0.1456172E-02  0.3361164E+04 -0.6044571E+04  0.2789038E+04  0.1040520E+04  0.8984829E-02  0.3282772E+06  0.2168838E+07  0.1979013E-02  0.2225107E+02  0.5457147E+04  0.1807697E+06 
 0.1048624E+01  0.1734732E-03  0.2664489E-16  0.1461196E-05  0.3514081E-03  0.6661163E-02  0.5358414E-03  0.1460585E-02  0.3348482E+04 -0.6044875E+04  0.2789563E+04  0.1037775E+04  0.9010458E-02  0.3292468E+06  0.2162024E+07  0.1979013E-02  0.2225107E+02  0.5439588E+04  0.1812476E+06 
 0.1071926E+01  0.1773268E-03  0.2664567E-16  0.1441805E-05  0.3523563E-03  0.6682674E-02  0.5374497E-03  0.1465549E-02  0.3336166E+04 -0.6044920E+04  0.2791534E+04  0.1035196E+04  0.9039470E-02  0.3303118E+06  0.2155373E+07  0.1979013E-02  0.2225107E+02  0.5424878E+04  0.1817805E+06 
 0.1095229E+01  0.1811922E-03  0.2665762E-16  0.1399307E-05  0.3533805E-03  0.6705673E-02  0.5391688E-03  0.1470846E-02  0.3324256E+04 -0.6044571E+04  0.2794432E+04  0.1032754E+04  0.9070468E-02  0.3314062E+06  0.2148847E+07  0.1979013E-02  0.2225107E+02  0.5412266E+04  0.1823326E+06 
 0.1118532E+01  0.1850674E-03  0.2668802E-16  0.1333471E-05  0.3545868E-03  0.6732056E-02  0.5411590E-03  0.1476882E-02  0.3312733E+04 -0.6043918E+04  0.2799219E+04  0.1030510E+04  0.9106018E-02  0.3326332E+06  0.2142526E+07  0.1979013E-02  0.2225107E+02  0.5403201E+04  0.1829606E+06 
 0.1141835E+01  0.1889546E-03  0.2673577E-16  0.1255778E-05  0.3559683E-03  0.6761766E-02  0.5434111E-03  0.1483650E-02  0.3301561E+04 -0.6042906E+04  0.2806049E+04  0.1028530E+04  0.9146051E-02  0.3339837E+06  0.2136497E+07  0.1979013E-02  0.2225107E+02  0.5397513E+04  0.1836605E+06 
 0.1165137E+01  0.1928535E-03  0.2680944E-16  0.1170060E-05  0.3576736E-03  0.6797376E-02  0.5461492E-03  0.1491696E-02  0.3290748E+04 -0.6041568E+04  0.2816075E+04  0.1026841E+04  0.9194065E-02  0.3355884E+06  0.2130833E+07  0.1979013E-02  0.2225107E+02  0.5397229E+04  0.1845044E+06 
 0.1188440E+01  0.1967867E-03  0.2688356E-16  0.1092079E-05  0.3593330E-03  0.6832264E-02  0.5488111E-03  0.1499599E-02  0.3280279E+04 -0.6039229E+04  0.2825865E+04  0.1025192E+04  0.9241099E-02  0.3370440E+06  0.2125214E+07  0.1979013E-02  0.2225107E+02  0.5397017E+04  0.1852729E+06 
 0.1211743E+01  0.2007486E-03  0.2698460E-16  0.1019198E-05  0.3612742E-03  0.6872127E-02  0.5518878E-03  0.1508567E-02  0.3270126E+04 -0.6036121E+04  0.2838199E+04  0.1023733E+04  0.9294875E-02  0.3386565E+06  0.2119861E+07  0.1979013E-02  0.2225107E+02  0.5401296E+04  0.1861343E+06 
 0.1235046E+01  0.2047579E-03  0.2708998E-16  0.9608020E-06  0.3631696E-03  0.6911491E-02  0.5548958E-03  0.1517456E-02  0.3260306E+04 -0.6031737E+04  0.2850740E+04  0.1022439E+04  0.9347973E-02  0.3400966E+06  0.2114663E+07  0.1979013E-02  0.2225107E+02  0.5405793E+04  0.1869100E+06 
 0.1258348E+01  0.2087950E-03  0.2723615E-16  0.9108611E-06  0.3656174E-03  0.6960929E-02  0.5587406E-03  0.1528524E-02  0.3250813E+04 -0.6026717E+04  0.2868697E+04  0.1021606E+04  0.9414722E-02  0.3419551E+06  0.2110062E+07  0.1979013E-02  0.2225107E+02  0.5418736E+04  0.1879238E+06 
 0.1281651E+01  0.2128895E-03  0.2738868E-16  0.8708935E-06  0.3681341E-03  0.7011637E-02  0.5626830E-03  0.1539870E-02  0.3241608E+04 -0.6020266E+04  0.2887399E+04  0.1020860E+04  0.9483195E-02  0.3437051E+06  0.2105564E+07  0.1979013E-02  0.2225107E+02  0.5433102E+04  0.1888877E+06 
 0.1304954E+01  0.2170357E-03  0.2755754E-16  0.8352625E-06  0.3708880E-03  0.7066602E-02  0.5669805E-03  0.1552132E-02  0.3232668E+04 -0.6012622E+04  0.2908325E+04  0.1020288E+04  0.9557437E-02  0.3455169E+06  0.2101301E+07  0.1979013E-02  0.2225107E+02  0.5451135E+04  0.1898947E+06 
 0.1328257E+01  0.2212458E-03  0.2772585E-16  0.8081094E-06  0.3736316E-03  0.7121249E-02  0.5712514E-03  0.1564318E-02  0.3224083E+04 -0.6003535E+04  0.2929073E+04  0.1019705E+04  0.9631258E-02  0.3471340E+06  0.2097117E+07  0.1979013E-02  0.2225107E+02  0.5469540E+04  0.1908045E+06 
 0.1351559E+01  0.2255103E-03  0.2790324E-16  0.7795410E-06  0.3764654E-03  0.7177487E-02  0.5756539E-03  0.1576845E-02  0.3215748E+04 -0.5993338E+04  0.2950679E+04  0.1019202E+04  0.9707231E-02  0.3486847E+06  0.2093104E+07  0.1979013E-02  0.2225107E+02  0.5489509E+04  0.1916858E+06 
 0.1374862E+01  0.2298142E-03  0.2810356E-16  0.7516479E-06  0.3795662E-03  0.7238673E-02  0.5804627E-03  0.1590449E-02  0.3207688E+04 -0.5982495E+04  0.2975069E+04  0.1018962E+04  0.9789902E-02  0.3503830E+06  0.2089525E+07  0.1979013E-02  0.2225107E+02  0.5513670E+04  0.1926553E+06 
 0.1398165E+01  0.2341490E-03  0.2833044E-16  0.7268227E-06  0.3830205E-03  0.7306160E-02  0.5858059E-03  0.1605402E-02  0.3199940E+04 -0.5971263E+04  0.3002949E+04  0.1019028E+04  0.9881115E-02  0.3523208E+06  0.2086507E+07  0.1979013E-02  0.2225107E+02  0.5543128E+04  0.1937629E+06 
 0.1421468E+01  0.2385445E-03  0.2854617E-16  0.6983020E-06  0.3863398E-03  0.7370653E-02  0.5909302E-03  0.1619667E-02  0.3192432E+04 -0.5958920E+04  0.3028702E+04  0.1018788E+04  0.9968289E-02  0.3539612E+06  0.2083364E+07  0.1979013E-02  0.2225107E+02  0.5570611E+04  0.1947130E+06 
 0.1444770E+01  0.2429983E-03  0.2874751E-16  0.6675280E-06  0.3894352E-03  0.7430783E-02  0.5956938E-03  0.1632973E-02  0.3185201E+04 -0.5945599E+04  0.3052083E+04  0.1018360E+04  0.1004955E-01  0.3552532E+06  0.2080240E+07  0.1979013E-02  0.2225107E+02  0.5595237E+04  0.1954774E+06 
 0.1468073E+01  0.2475230E-03  0.2891973E-16  0.6342065E-06  0.3921319E-03  0.7483066E-02  0.5998267E-03  0.1644541E-02  0.3178190E+04 -0.5931057E+04  0.3070831E+04  0.1017470E+04  0.1012020E-01  0.3560027E+06  0.2076892E+07  0.1979013E-02  0.2225107E+02  0.5614284E+04  0.1959487E+06 
 0.1491376E+01  0.2520933E-03  0.2908268E-16  0.5987611E-06  0.3946671E-03  0.7532542E-02  0.6037099E-03  0.1655517E-02  0.3171477E+04 -0.5915969E+04  0.3088459E+04  0.1016606E+04  0.1018703E-01  0.3565328E+06  0.2073840E+07  0.1979013E-02  0.2225107E+02  0.5631832E+04  0.1963040E+06 
 0.1514679E+01  0.2566568E-03  0.2929529E-16  0.5586704E-06  0.3978854E-03  0.7594598E-02  0.6086448E-03  0.1669216E-02  0.3165004E+04 -0.5901572E+04  0.3113098E+04  0.1016356E+04  0.1027090E-01  0.3577207E+06  0.2071731E+07  0.1979013E-02  0.2225107E+02  0.5659214E+04  0.1970235E+06 
 0.1537981E+01  0.2612290E-03  0.2953916E-16  0.5171831E-06  0.4015479E-03  0.7664497E-02  0.6142559E-03  0.1684588E-02  0.3158747E+04 -0.5887484E+04  0.3142019E+04  0.1016450E+04  0.1036541E-01  0.3592906E+06  0.2070292E+07  0.1979013E-02  0.2225107E+02  0.5692757E+04  0.1979562E+06 
 0.1561284E+01  0.2658202E-03  0.2980081E-16  0.4769691E-06  0.4054449E-03  0.7738525E-02  0.6202231E-03  0.1700839E-02  0.3152752E+04 -0.5873459E+04  0.3173247E+04  0.1016737E+04  0.1046551E-01  0.3610342E+06  0.2069359E+07  0.1979013E-02  0.2225107E+02  0.5729809E+04  0.1989879E+06 
 0.1584587E+01  0.2704346E-03  0.3007380E-16  0.4400399E-06  0.4095180E-03  0.7815392E-02  0.6264509E-03  0.1717674E-02  0.3146978E+04 -0.5859409E+04  0.3205977E+04  0.1017120E+04  0.1056948E-01  0.3628783E+06  0.2068847E+07  0.1979013E-02  0.2225107E+02  0.5769284E+04  0.2000785E+06 
 0.1607890E+01  0.2750852E-03  0.3034364E-16  0.4055472E-06  0.4135575E-03  0.7891179E-02  0.6326136E-03  0.1734240E-02  0.3141410E+04 -0.5845061E+04  0.3238017E+04  0.1017414E+04  0.1067200E-01  0.3646059E+06  0.2068570E+07  0.1979013E-02  0.2225107E+02  0.5808251E+04  0.2011084E+06 
 0.1631192E+01  0.2797430E-03  0.3063660E-16  0.3738912E-06  0.4179039E-03  0.7972683E-02  0.6392481E-03  0.1752050E-02  0.3136057E+04 -0.5831039E+04  0.3273469E+04  0.1018033E+04  0.1078226E-01  0.3666078E+06  0.2068885E+07  0.1979013E-02  0.2225107E+02  0.5851758E+04  0.2022922E+06 
 0.1654495E+01  0.2844205E-03  0.3094197E-16  0.3433656E-06  0.4224513E-03  0.8057282E-02  0.6461747E-03  0.1770483E-02  0.3130869E+04 -0.5817075E+04  0.3310490E+04  0.1018725E+04  0.1089673E-01  0.3687276E+06  0.2069580E+07  0.1979013E-02  0.2225107E+02  0.5897708E+04  0.2035440E+06 
 0.1677798E+01  0.2891447E-03  0.3123092E-16  0.3240322E-06  0.4267687E-03  0.8137276E-02  0.6527375E-03  0.1787891E-02  0.3125921E+04 -0.5802623E+04  0.3344903E+04  0.1019181E+04  0.1100500E-01  0.3705431E+06  0.2070406E+07  0.1979013E-02  0.2225107E+02  0.5940711E+04  0.2046319E+06 
 0.1701101E+01  0.2938546E-03  0.3155984E-16  0.3081351E-06  0.4316479E-03  0.8227596E-02  0.6601610E-03  0.1807535E-02  0.3121146E+04 -0.5788919E+04  0.3385432E+04  0.1020188E+04  0.1112725E-01  0.3728917E+06  0.2071995E+07  0.1979013E-02  0.2225107E+02  0.5991483E+04  0.2060162E+06 
 0.1724403E+01  0.2985736E-03  0.3190855E-16  0.2829236E-06  0.4368219E-03  0.8322969E-02  0.6680330E-03  0.1828242E-02  0.3116553E+04 -0.5775472E+04  0.3428735E+04  0.1021377E+04  0.1125635E-01  0.3754677E+06  0.2073991E+07  0.1979013E-02  0.2225107E+02  0.6046179E+04  0.2075284E+06 
 0.1747706E+01  0.3033134E-03  0.3226651E-16  0.2510899E-06  0.4421250E-03  0.8420255E-02  0.6760907E-03  0.1849328E-02  0.3112125E+04 -0.5762048E+04  0.3473031E+04  0.1022595E+04  0.1138805E-01  0.3780969E+06  0.2076265E+07  0.1979013E-02  0.2225107E+02  0.6102459E+04  0.2090727E+06 
 0.1771009E+01  0.3080622E-03  0.3263977E-16  0.2196187E-06  0.4476636E-03  0.8521657E-02  0.6845058E-03  0.1871288E-02  0.3107872E+04 -0.5748869E+04  0.3519881E+04  0.1024032E+04  0.1152533E-01  0.3809064E+06  0.2078977E+07  0.1979013E-02  0.2225107E+02  0.6161960E+04  0.2107197E+06 
 0.1794312E+01  0.3128162E-03  0.3303445E-16  0.1907668E-06  0.4535104E-03  0.8628440E-02  0.6933885E-03  0.1894390E-02  0.3103815E+04 -0.5735994E+04  0.3569821E+04  0.1025679E+04  0.1166992E-01  0.3839594E+06  0.2082118E+07  0.1979013E-02  0.2225107E+02  0.6225661E+04  0.2125042E+06 
 0.1817614E+01  0.3175745E-03  0.3345102E-16  0.1636898E-06  0.4596861E-03  0.8740785E-02  0.7027670E-03  0.1918657E-02  0.3099897E+04 -0.5723426E+04  0.3622969E+04  0.1027536E+04  0.1182206E-01  0.3872623E+06  0.2085676E+07  0.1979013E-02  0.2225107E+02  0.6293503E+04  0.2144300E+06 
 0.1840917E+01  0.3223919E-03  0.3383920E-16  0.1406285E-06  0.4654879E-03  0.8845565E-02  0.7115531E-03  0.1941234E-02  0.3096117E+04 -0.5710185E+04  0.3671643E+04  0.1028969E+04  0.1196398E-01  0.3901001E+06  0.2089176E+07  0.1979013E-02  0.2225107E+02  0.6356034E+04  0.2161026E+06 
 0.1864220E+01  0.3272366E-03  0.3422590E-16  0.1228712E-06  0.4712766E-03  0.8949823E-02  0.7203060E-03  0.1963678E-02  0.3092481E+04 -0.5696856E+04  0.3720152E+04  0.1030380E+04  0.1210521E-01  0.3928644E+06  0.2092917E+07  0.1979013E-02  0.2225107E+02  0.6418380E+04  0.2177380E+06 
 0.1887523E+01  0.3320592E-03  0.3465381E-16  0.1038241E-06  0.4776283E-03  0.9064813E-02  0.7299379E-03  0.1988472E-02  0.3089003E+04 -0.5684296E+04  0.3775334E+04  0.1032362E+04  0.1226096E-01  0.3961665E+06  0.2097267E+07  0.1979013E-02  0.2225107E+02  0.6488677E+04  0.2196734E+06 
 0.1910825E+01  0.3368679E-03  0.3512116E-16  0.8572956E-07  0.4845706E-03  0.9189872E-02  0.7404629E-03  0.2015383E-02  0.3085706E+04 -0.5672328E+04  0.3836238E+04  0.1034696E+04  0.1243037E-01  0.3999511E+06  0.2102121E+07  0.1979013E-02  0.2225107E+02  0.6566496E+04  0.2218793E+06 
 0.1934128E+01  0.3417279E-03  0.3556845E-16  0.6937225E-07  0.4912702E-03  0.9309602E-02  0.7505975E-03  0.2041072E-02  0.3082513E+04 -0.5659848E+04  0.3893869E+04  0.1036683E+04  0.1259261E-01  0.4033902E+06  0.2106975E+07  0.1979013E-02  0.2225107E+02  0.6640558E+04  0.2238979E+06 
 0.1957431E+01  0.3466603E-03  0.3597486E-16  0.5998129E-07  0.4974222E-03  0.9418561E-02  0.7598645E-03  0.2064378E-02  0.3079423E+04 -0.5646539E+04  0.3945193E+04  0.1038146E+04  0.1274029E-01  0.4062037E+06  0.2111736E+07  0.1979013E-02  0.2225107E+02  0.6707025E+04  0.2255743E+06 
 0.1980734E+01  0.3516571E-03  0.3634588E-16  0.5546651E-07  0.5030779E-03  0.9518130E-02  0.7683556E-03  0.2085632E-02  0.3076455E+04 -0.5632571E+04  0.3991220E+04  0.1039222E+04  0.1287525E-01  0.4084783E+06  0.2116502E+07  0.1979013E-02  0.2225107E+02  0.6767001E+04  0.2269558E+06 
 0.2004036E+01  0.3566248E-03  0.3676189E-16  0.5326466E-07  0.5093395E-03  0.9629444E-02  0.7777939E-03  0.2109476E-02  0.3073624E+04 -0.5619453E+04  0.4044728E+04  0.1040932E+04  0.1302611E-01  0.4113417E+06  0.2121868E+07  0.1979013E-02  0.2225107E+02  0.6835602E+04  0.2286661E+06 
 0.2027339E+01  0.3615907E-03  0.3720540E-16  0.5273448E-07  0.5160286E-03  0.9747747E-02  0.7878740E-03  0.2134762E-02  0.3070946E+04 -0.5606723E+04  0.4102200E+04  0.1042856E+04  0.1318646E-01  0.4145210E+06  0.2127620E+07  0.1979013E-02  0.2225107E+02  0.6909483E+04  0.2305550E+06 
 0.2050642E+01  0.3665770E-03  0.3765550E-16  0.5054999E-07  0.5228274E-03  0.9867618E-02  0.7981206E-03  0.2160350E-02  0.3068367E+04 -0.5594028E+04  0.4160629E+04  0.1044804E+04  0.1334897E-01  0.4177312E+06  0.2133594E+07  0.1979013E-02  0.2225107E+02  0.6984603E+04  0.2324644E+06 
 0.2073945E+01  0.3715643E-03  0.3812683E-16  0.5071878E-07  0.5299537E-03  0.9993235E-02  0.8088672E-03  0.2187158E-02  0.3065900E+04 -0.5581657E+04  0.4222581E+04  0.1046973E+04  0.1351926E-01  0.4211913E+06  0.2139902E+07  0.1979013E-02  0.2225107E+02  0.7063977E+04  0.2345159E+06 
 0.2097247E+01  0.3765864E-03  0.3859364E-16  0.4850669E-07  0.5370392E-03  0.1011738E-01  0.8195339E-03  0.2213593E-02  0.3063542E+04 -0.5569100E+04  0.4283571E+04  0.1049001E+04  0.1368760E-01  0.4245191E+06  0.2146341E+07  0.1979013E-02  0.2225107E+02  0.7142492E+04  0.2364976E+06 
 0.2120550E+01  0.3816387E-03  0.3905677E-16  0.4938130E-07  0.5440771E-03  0.1024049E-01  0.8301255E-03  0.2239788E-02  0.3061280E+04 -0.5556434E+04  0.4344175E+04  0.1050992E+04  0.1385453E-01  0.4277442E+06  0.2152969E+07  0.1979013E-02  0.2225107E+02  0.7220424E+04  0.2384261E+06 
 0.2143853E+01  0.3867371E-03  0.3950421E-16  0.4802649E-07  0.5509355E-03  0.1035940E-01  0.8404173E-03  0.2265006E-02  0.3059146E+04 -0.5543438E+04  0.4402303E+04  0.1052766E+04  0.1401581E-01  0.4307016E+06  0.2159731E+07  0.1979013E-02  0.2225107E+02  0.7295686E+04  0.2402099E+06 
 0.2167156E+01  0.3918485E-03  0.3996125E-16  0.4798759E-07  0.5579171E-03  0.1048075E-01  0.8509095E-03  0.2290763E-02  0.3057107E+04 -0.5530595E+04  0.4462285E+04  0.1054692E+04  0.1418039E-01  0.4337424E+06  0.2166764E+07  0.1979013E-02  0.2225107E+02  0.7372858E+04  0.2420434E+06 
 0.2190458E+01  0.3969441E-03  0.4045389E-16  0.4413570E-07  0.5654083E-03  0.1061139E-01  0.8621882E-03  0.2318522E-02  0.3055178E+04 -0.5518305E+04  0.4528055E+04  0.1056998E+04  0.1435755E-01  0.4372118E+06  0.2174156E+07  0.1979013E-02  0.2225107E+02  0.7456818E+04  0.2441183E+06 
 0.2213761E+01  0.4020099E-03  0.4099608E-16  0.4014660E-07  0.5736256E-03  0.1075492E-01  0.8745879E-03  0.2349031E-02  0.3053371E+04 -0.5506733E+04  0.4601610E+04  0.1059765E+04  0.1455221E-01  0.4412828E+06  0.2181943E+07  0.1979013E-02  0.2225107E+02  0.7550137E+04  0.2465318E+06 
 0.2237064E+01  0.4071553E-03  0.4149834E-16  0.5376281E-07  0.5813445E-03  0.1088796E-01  0.8861876E-03  0.2377164E-02  0.3051607E+04 -0.5494375E+04  0.4668488E+04  0.1061956E+04  0.1473271E-01  0.4447534E+06  0.2189717E+07  0.1979013E-02  0.2225107E+02  0.7636061E+04  0.2486160E+06 
 0.2260367E+01  0.4123399E-03  0.4198907E-16  0.7138902E-07  0.5888947E-03  0.1101783E-01  0.8975308E-03  0.2404606E-02  0.3049970E+04 -0.5481804E+04  0.4733905E+04  0.1064069E+04  0.1490894E-01  0.4480161E+06  0.2197684E+07  0.1979013E-02  0.2225107E+02  0.7720122E+04  0.2505890E+06 
 0.2283669E+01  0.4175712E-03  0.4246333E-16  0.8826932E-07  0.5962377E-03  0.1114332E-01  0.9085392E-03  0.2431056E-02  0.3048406E+04 -0.5468934E+04  0.4796844E+04  0.1066000E+04  0.1507925E-01  0.4510087E+06  0.2205790E+07  0.1979013E-02  0.2225107E+02  0.7801259E+04  0.2524154E+06 
 0.2306972E+01  0.4228310E-03  0.4293574E-16  0.1048858E-06  0.6035508E-03  0.1126829E-01  0.9195043E-03  0.2457394E-02  0.3046928E+04 -0.5456015E+04  0.4859758E+04  0.1067932E+04  0.1524885E-01  0.4539292E+06  0.2214088E+07  0.1979013E-02  0.2225107E+02  0.7882248E+04  0.2542052E+06 
 0.2330275E+01  0.4281028E-03  0.4342255E-16  0.1210665E-06  0.6111002E-03  0.1139694E-01  0.9308185E-03  0.2484475E-02  0.3045537E+04 -0.5443260E+04  0.4924904E+04  0.1069956E+04  0.1542345E-01  0.4569827E+06  0.2222623E+07  0.1979013E-02  0.2225107E+02  0.7966044E+04  0.2560730E+06 
 0.2353578E+01  0.4334486E-03  0.4387219E-16  0.1366802E-06  0.6181541E-03  0.1151586E-01  0.9413552E-03  0.2509402E-02  0.3044184E+04 -0.5429888E+04  0.4984104E+04  0.1071559E+04  0.1558490E-01  0.4595004E+06  0.2231215E+07  0.1979013E-02  0.2225107E+02  0.8043062E+04  0.2576454E+06 
 0.2376880E+01  0.4387601E-03  0.4436806E-16  0.1517448E-06  0.6257971E-03  0.1164683E-01  0.9528425E-03  0.2537029E-02  0.3042963E+04 -0.5417267E+04  0.5051403E+04  0.1073746E+04  0.1576265E-01  0.4625830E+06  0.2240159E+07  0.1979013E-02  0.2225107E+02  0.8128986E+04  0.2595361E+06 
 0.2400183E+01  0.4440457E-03  0.4490749E-16  0.1666882E-06  0.6340847E-03  0.1178915E-01  0.9653217E-03  0.2567067E-02  0.3041848E+04 -0.5405262E+04  0.5125882E+04  0.1076351E+04  0.1595579E-01  0.4661780E+06  0.2249427E+07  0.1979013E-02  0.2225107E+02  0.8223181E+04  0.2617169E+06 
 0.2423486E+01  0.4493500E-03  0.4546249E-16  0.1821254E-06  0.6427233E-03  0.1193545E-01  0.9782867E-03  0.2597773E-02  0.3040784E+04 -0.5393314E+04  0.5202185E+04  0.1078898E+04  0.1615442E-01  0.4698971E+06  0.2258901E+07  0.1979013E-02  0.2225107E+02  0.8320230E+04  0.2639724E+06 
 0.2446789E+01  0.4547512E-03  0.4596021E-16  0.1971285E-06  0.6505368E-03  0.1206680E-01  0.9899940E-03  0.2625256E-02  0.3039784E+04 -0.5380499E+04  0.5269660E+04  0.1080914E+04  0.1633279E-01  0.4728305E+06  0.2268417E+07  0.1979013E-02  0.2225107E+02  0.8407039E+04  0.2657927E+06 
 0.2470091E+01  0.4601373E-03  0.4648848E-16  0.2115182E-06  0.6587014E-03  0.1220585E-01  0.1002286E-02  0.2654496E-02  0.3038868E+04 -0.5368162E+04  0.5342719E+04  0.1083342E+04  0.1652154E-01  0.4761040E+06  0.2278191E+07  0.1979013E-02  0.2225107E+02  0.8499525E+04  0.2678065E+06 
 0.2493394E+01  0.4654928E-03  0.4706538E-16  0.2258538E-06  0.6676091E-03  0.1235771E-01  0.1015705E-02  0.2686442E-02  0.3038066E+04 -0.5356461E+04  0.5423741E+04  0.1086178E+04  0.1672769E-01  0.4799455E+06  0.2288246E+07  0.1979013E-02  0.2225107E+02  0.8601361E+04  0.2701426E+06 
 0.2516697E+01  0.4708507E-03  0.4766536E-16  0.2401716E-06  0.6768954E-03  0.1251584E-01  0.1029697E-02  0.2719688E-02  0.3037323E+04 -0.5344999E+04  0.5508559E+04  0.1089145E+04  0.1694236E-01  0.4840266E+06  0.2298475E+07  0.1979013E-02  0.2225107E+02  0.8707748E+04  0.2726173E+06 
 0.2540000E+01  0.4762447E-03  0.4826389E-16  0.2545469E-06  0.6862134E-03  0.1267333E-01  0.1043717E-02  0.2752697E-02  0.3036630E+04 -0.5333392E+04  0.5592899E+04  0.1091993E+04  0.1715621E-01  0.4880095E+06  0.2308864E+07  0.1979013E-02  0.2225107E+02  0.8813821E+04  0.2750423E+06 
 0.2563302E+01  0.4817149E-03  0.4882210E-16  0.2684858E-06  0.6949484E-03  0.1282014E-01  0.1056858E-02  0.2783393E-02  0.3036020E+04 -0.5321202E+04  0.5671232E+04  0.1094524E+04  0.1735561E-01  0.4914273E+06  0.2319410E+07  0.1979013E-02  0.2225107E+02  0.8912803E+04  0.2771556E+06 
 0.2586605E+01  0.4871768E-03  0.4941091E-16  0.2823966E-06  0.7041387E-03  0.1297499E-01  0.1070686E-02  0.2815803E-02  0.3035461E+04 -0.5309376E+04  0.5754769E+04  0.1097307E+04  0.1756590E-01  0.4951735E+06  0.2330155E+07  0.1979013E-02  0.2225107E+02  0.9017550E+04  0.2794574E+06 
 0.2609908E+01  0.4927334E-03  0.4994974E-16  0.2956646E-06  0.7126564E-03  0.1311668E-01  0.1083455E-02  0.2845305E-02  0.3034949E+04 -0.5296795E+04  0.5830079E+04  0.1099573E+04  0.1775839E-01  0.4982301E+06  0.2341015E+07  0.1979013E-02  0.2225107E+02  0.9113309E+04  0.2813770E+06 
 0.2633211E+01  0.4983171E-03  0.5048950E-16  0.3085427E-06  0.7211777E-03  0.1325857E-01  0.1096241E-02  0.2874859E-02  0.3034484E+04 -0.5284207E+04  0.5905890E+04  0.1101868E+04  0.1795116E-01  0.5012474E+06  0.2352054E+07  0.1979013E-02  0.2225107E+02  0.9209391E+04  0.2832786E+06 
 0.2656513E+01  0.5038879E-03  0.5105614E-16  0.3209758E-06  0.7299939E-03  0.1340754E-01  0.1109531E-02  0.2906068E-02  0.3034117E+04 -0.5272033E+04  0.5987097E+04  0.1104534E+04  0.1815345E-01  0.5045631E+06  0.2363284E+07  0.1979013E-02  0.2225107E+02  0.9310869E+04  0.2853512E+06 
 0.2679816E+01  0.5094072E-03  0.5169083E-16  0.3340389E-06  0.7398656E-03  0.1357431E-01  0.1124410E-02  0.2941004E-02  0.3033833E+04 -0.5260656E+04  0.6079324E+04  0.1107689E+04  0.1837992E-01  0.5086551E+06  0.2374728E+07  0.1979013E-02  0.2225107E+02  0.9425076E+04  0.2878653E+06 
 0.2703119E+01  0.5150109E-03  0.5228903E-16  0.3468861E-06  0.7493221E-03  0.1373142E-01  0.1138612E-02  0.2973689E-02  0.3033546E+04 -0.5248664E+04  0.6165054E+04  0.1110367E+04  0.1859339E-01  0.5122195E+06  0.2386317E+07  0.1979013E-02  0.2225107E+02  0.9532504E+04  0.2900883E+06 
 0.2726422E+01  0.5206163E-03  0.5289943E-16  0.3593745E-06  0.7588213E-03  0.1389172E-01  0.1152967E-02  0.3007239E-02  0.3033380E+04 -0.5236911E+04  0.6254370E+04  0.1113378E+04  0.1881111E-01  0.5158993E+06  0.2398116E+07  0.1979013E-02  0.2225107E+02  0.9642795E+04  0.2923806E+06 
 0.2749724E+01  0.5261931E-03  0.5356199E-16  0.3723340E-06  0.7691446E-03  0.1406539E-01  0.1168546E-02  0.3043545E-02  0.3033268E+04 -0.5225695E+04  0.6351911E+04  0.1116696E+04  0.1904700E-01  0.5201334E+06  0.2410082E+07  0.1979013E-02  0.2225107E+02  0.9762616E+04  0.2949904E+06 
 0.2773027E+01  0.5318582E-03  0.5418243E-16  0.3848239E-06  0.7789634E-03  0.1422842E-01  0.1183315E-02  0.3077440E-02  0.3033156E+04 -0.5213847E+04  0.6442444E+04  0.1119547E+04  0.1926852E-01  0.5237994E+06  0.2422193E+07  0.1979013E-02  0.2225107E+02  0.9875013E+04  0.2972858E+06 
 0.2796330E+01  0.5375521E-03  0.5479883E-16  0.3969554E-06  0.7886710E-03  0.1439060E-01  0.1197959E-02  0.3111240E-02  0.3033117E+04 -0.5201970E+04  0.6533367E+04  0.1122470E+04  0.1948887E-01  0.5273784E+06  0.2434482E+07  0.1979013E-02  0.2225107E+02  0.9987230E+04  0.2995367E+06 
 0.2819633E+01  0.5432477E-03  0.5544121E-16  0.4089368E-06  0.7987024E-03  0.1455877E-01  0.1213098E-02  0.3146339E-02  0.3033125E+04 -0.5190326E+04  0.6628365E+04  0.1125557E+04  0.1971732E-01  0.5311744E+06  0.2446900E+07  0.1979013E-02  0.2225107E+02  0.1010386E+05  0.3019145E+06 
 0.2842935E+01  0.5489613E-03  0.5609317E-16  0.4209210E-06  0.8089258E-03  0.1472981E-01  0.1228517E-02  0.3182006E-02  0.3033190E+04 -0.5178754E+04  0.6725454E+04  0.1128702E+04  0.1994968E-01  0.5350402E+06  0.2459489E+07  0.1979013E-02  0.2225107E+02  0.1022279E+05  0.3043372E+06 
 0.2866238E+01  0.5547159E-03  0.5674048E-16  0.4328965E-06  0.8191633E-03  0.1489961E-01  0.1243941E-02  0.3217285E-02  0.3033278E+04 -0.5167038E+04  0.6821786E+04  0.1131734E+04  0.2018043E-01  0.5387829E+06  0.2472268E+07  0.1979013E-02  0.2225107E+02  0.1034099E+05  0.3066965E+06 
 0.2889541E+01  0.5604943E-03  0.5738863E-16  0.4444988E-06  0.8293278E-03  0.1506962E-01  0.1259299E-02  0.3252723E-02  0.3033426E+04 -0.5155344E+04  0.6919221E+04  0.1134871E+04  0.2041141E-01  0.5424858E+06  0.2485198E+07  0.1979013E-02  0.2225107E+02  0.1045972E+05  0.3090376E+06 
 0.2912844E+01  0.5662716E-03  0.5806248E-16  0.4562784E-06  0.8399077E-03  0.1524646E-01  0.1275277E-02  0.3289577E-02  0.3033632E+04 -0.5143898E+04  0.7021361E+04  0.1138186E+04  0.2065167E-01  0.5464369E+06  0.2498289E+07  0.1979013E-02  0.2225107E+02  0.1058353E+05  0.3115249E+06 
 0.2936146E+01  0.5721176E-03  0.5871600E-16  0.4677804E-06  0.8502947E-03  0.1541765E-01  0.1290904E-02  0.3325048E-02  0.3033816E+04 -0.5132068E+04  0.7119363E+04  0.1141170E+04  0.2088436E-01  0.5500548E+06  0.2511552E+07  0.1979013E-02  0.2225107E+02  0.1070329E+05  0.3138297E+06 
 0.2959449E+01  0.5780138E-03  0.5935100E-16  0.4788367E-06  0.8603164E-03  0.1558380E-01  0.1306015E-02  0.3359554E-02  0.3034049E+04 -0.5120032E+04  0.7215126E+04  0.1144110E+04  0.2111016E-01  0.5533971E+06  0.2524996E+07  0.1979013E-02  0.2225107E+02  0.1081989E+05  0.3159829E+06 
 0.2982752E+01  0.5839311E-03  0.5998999E-16  0.4897322E-06  0.8703870E-03  0.1575157E-01  0.1321217E-02  0.3394467E-02  0.3034341E+04 -0.5108055E+04  0.7312531E+04  0.1147131E+04  0.2133813E-01  0.5567592E+06  0.2538585E+07  0.1979013E-02  0.2225107E+02  0.1093800E+05  0.3181519E+06 
 0.3006055E+01  0.5898277E-03  0.6067084E-16  0.5008139E-06  0.8810611E-03  0.1593006E-01  0.1337334E-02  0.3431676E-02  0.3034676E+04 -0.5096496E+04  0.7417178E+04  0.1150435E+04  0.2158064E-01  0.5605413E+06  0.2552268E+07  0.1979013E-02  0.2225107E+02  0.1106387E+05  0.3205641E+06 
 0.3029357E+01  0.5957540E-03  0.6135946E-16  0.5121411E-06  0.8919752E-03  0.1611042E-01  0.1353777E-02  0.3469083E-02  0.3035019E+04 -0.5084913E+04  0.7522900E+04  0.1153686E+04  0.2182577E-01  0.5643346E+06  0.2566151E+07  0.1979013E-02  0.2225107E+02  0.1119109E+05  0.3229896E+06 
 0.3052660E+01  0.6017200E-03  0.6203304E-16  0.5228156E-06  0.9024971E-03  0.1628695E-01  0.1369710E-02  0.3505919E-02  0.3035441E+04 -0.5073224E+04  0.7627610E+04  0.1156997E+04  0.2206560E-01  0.5679156E+06  0.2580178E+07  0.1979013E-02  0.2225107E+02  0.1131624E+05  0.3252985E+06 
 0.3075963E+01  0.6076287E-03  0.6277619E-16  0.5342480E-06  0.9140871E-03  0.1648171E-01  0.1387260E-02  0.3546586E-02  0.3035924E+04 -0.5062241E+04  0.7744629E+04  0.1160793E+04  0.2233017E-01  0.5722394E+06  0.2594283E+07  0.1979013E-02  0.2225107E+02  0.1145449E+05  0.3280357E+06 
 0.3099266E+01  0.6135370E-03  0.6354514E-16  0.5459128E-06  0.9260735E-03  0.1668319E-01  0.1405412E-02  0.3588664E-02  0.3036456E+04 -0.5051473E+04  0.7866580E+04  0.1164759E+04  0.2260389E-01  0.5767920E+06  0.2608513E+07  0.1979013E-02  0.2225107E+02  0.1159780E+05  0.3309096E+06 
 0.3122568E+01  0.6194783E-03  0.6431947E-16  0.5576346E-06  0.9382194E-03  0.1688605E-01  0.1423776E-02  0.3630919E-02  0.3036986E+04 -0.5040642E+04  0.7989311E+04  0.1168641E+04  0.2287953E-01  0.5813246E+06  0.2622877E+07  0.1979013E-02  0.2225107E+02  0.1174211E+05  0.3337790E+06 
 0.3145871E+01  0.6254697E-03  0.6507928E-16  0.5691070E-06  0.9501131E-03  0.1708506E-01  0.1441780E-02  0.3672396E-02  0.3037549E+04 -0.5029614E+04  0.8110371E+04  0.1172457E+04  0.2314992E-01  0.5856239E+06  0.2637430E+07  0.1979013E-02  0.2225107E+02  0.1188406E+05  0.3365217E+06 
 0.3169174E+01  0.6314876E-03  0.6584593E-16  0.5804650E-06  0.9621056E-03  0.1728589E-01  0.1459925E-02  0.3714273E-02  0.3038135E+04 -0.5018584E+04  0.8232934E+04  0.1176276E+04  0.2342277E-01  0.5899304E+06  0.2652095E+07  0.1979013E-02  0.2225107E+02  0.1202750E+05  0.3392745E+06 
 0.3192477E+01  0.6375503E-03  0.6660937E-16  0.5918871E-06  0.9741417E-03  0.1748582E-01  0.1478094E-02  0.3755824E-02  0.3038706E+04 -0.5007412E+04  0.8354886E+04  0.1179974E+04  0.2369447E-01  0.5941193E+06  0.2666941E+07  0.1979013E-02  0.2225107E+02  0.1217029E+05  0.3419674E+06 
 0.3215779E+01  0.6436647E-03  0.6735204E-16  0.6027187E-06  0.9857591E-03  0.1768031E-01  0.1495681E-02  0.3796369E-02  0.3039343E+04 -0.4996047E+04  0.8474681E+04  0.1183659E+04  0.2395872E-01  0.5980215E+06  0.2681991E+07  0.1979013E-02  0.2225107E+02  0.1230985E+05  0.3445025E+06 
 0.3239082E+01  0.6497668E-03  0.6812930E-16  0.6137174E-06  0.9978614E-03  0.1788393E-01  0.1514017E-02  0.3838906E-02  0.3040025E+04 -0.4984992E+04  0.8601073E+04  0.1187570E+04  0.2423533E-01  0.6022513E+06  0.2697094E+07  0.1979013E-02  0.2225107E+02  0.1245618E+05  0.3472303E+06 
 0.3262385E+01  0.6558906E-03  0.6892582E-16  0.6252462E-06  0.1010436E-02  0.1809237E-01  0.1532983E-02  0.3882190E-02  0.3040669E+04 -0.4973978E+04  0.8730249E+04  0.1191440E+04  0.2451860E-01  0.6066014E+06  0.2712364E+07  0.1979013E-02  0.2225107E+02  0.1260565E+05  0.3500352E+06 
 0.3285688E+01  0.6621388E-03  0.6965835E-16  0.6360559E-06  0.1022110E-02  0.1828413E-01  0.1550547E-02  0.3921859E-02  0.3041265E+04 -0.4962234E+04  0.8848267E+04  0.1194804E+04  0.2477928E-01  0.6101592E+06  0.2727927E+07  0.1979013E-02  0.2225107E+02  0.1274326E+05  0.3523935E+06 
 0.3308990E+01  0.6684966E-03  0.7033316E-16  0.6460396E-06  0.1032896E-02  0.1846095E-01  0.1566769E-02  0.3958405E-02  0.3041840E+04 -0.4949898E+04  0.8956833E+04  0.1197808E+04  0.2501966E-01  0.6130191E+06  0.2743773E+07  0.1979013E-02  0.2225107E+02  0.1287040E+05  0.3543578E+06 
 0.3332293E+01  0.6749005E-03  0.7099738E-16  0.6556221E-06  0.1043428E-02  0.1863456E-01  0.1582623E-02  0.3994375E-02  0.3042450E+04 -0.4937458E+04  0.9064196E+04  0.1200806E+04  0.2525564E-01  0.6156945E+06  0.2759812E+07  0.1979013E-02  0.2225107E+02  0.1299564E+05  0.3562214E+06 
 0.3355596E+01  0.6813460E-03  0.7166238E-16  0.6651459E-06  0.1054071E-02  0.1880859E-01  0.1598584E-02  0.4030319E-02  0.3043024E+04 -0.4924951E+04  0.9171310E+04  0.1203685E+04  0.2549222E-01  0.6183176E+06  0.2775988E+07  0.1979013E-02  0.2225107E+02  0.1312096E+05  0.3580600E+06 
 0.3378899E+01  0.6878367E-03  0.7230399E-16  0.6738434E-06  0.1064083E-02  0.1897662E-01  0.1613706E-02  0.4065403E-02  0.3043703E+04 -0.4912356E+04  0.9276679E+04  0.1206685E+04  0.2572049E-01  0.6206673E+06  0.2792343E+07  0.1979013E-02  0.2225107E+02  0.1324302E+05  0.3597449E+06 
 0.3402201E+01  0.6942606E-03  0.7302862E-16  0.6836645E-06  0.1075525E-02  0.1916629E-01  0.1630926E-02  0.4104804E-02  0.3044395E+04 -0.4900468E+04  0.9396193E+04  0.1210073E+04  0.2597823E-01  0.6238564E+06  0.2808679E+07  0.1979013E-02  0.2225107E+02  0.1338031E+05  0.3619184E+06 
 0.3425504E+01  0.7007283E-03  0.7374780E-16  0.6934461E-06  0.1086904E-02  0.1935451E-01  0.1648043E-02  0.4143866E-02  0.3045062E+04 -0.4888491E+04  0.9515044E+04  0.1213400E+04  0.2623402E-01  0.6269234E+06  0.2825180E+07  0.1979013E-02  0.2225107E+02  0.1351649E+05  0.3640276E+06 
 0.3448807E+01  0.7072559E-03  0.7445188E-16  0.7031736E-06  0.1098137E-02  0.1953870E-01  0.1664897E-02  0.4181955E-02  0.3045706E+04 -0.4876321E+04  0.9631273E+04  0.1216576E+04  0.2648439E-01  0.6297593E+06  0.2841909E+07  0.1979013E-02  0.2225107E+02  0.1364977E+05  0.3660104E+06 
 0.3472110E+01  0.7138442E-03  0.7513089E-16  0.7122644E-06  0.1108821E-02  0.1971647E-01  0.1680989E-02  0.4218942E-02  0.3046383E+04 -0.4863960E+04  0.9744175E+04  0.1219687E+04  0.2672593E-01  0.6322849E+06  0.2858791E+07  0.1979013E-02  0.2225107E+02  0.1377894E+05  0.3678179E+06 
 0.3495412E+01  0.7204478E-03  0.7583199E-16  0.7218576E-06  0.1120025E-02  0.1989985E-01  0.1697784E-02  0.4256840E-02  0.3047016E+04 -0.4851722E+04  0.9860613E+04  0.1222821E+04  0.2697523E-01  0.6349754E+06  0.2875833E+07  0.1979013E-02  0.2225107E+02  0.1391175E+05  0.3697277E+06 
 0.3518715E+01  0.7271349E-03  0.7649043E-16  0.7305253E-06  0.1130383E-02  0.2007200E-01  0.1713365E-02  0.4292646E-02  0.3047704E+04 -0.4839150E+04  0.9970690E+04  0.1225817E+04  0.2720912E-01  0.6371662E+06  0.2893105E+07  0.1979013E-02  0.2225107E+02  0.1403725E+05  0.3713529E+06 
 0.3542018E+01  0.7337984E-03  0.7718625E-16  0.7393792E-06  0.1141233E-02  0.2025433E-01  0.1729724E-02  0.4330747E-02  0.3048445E+04 -0.4826963E+04  0.1008865E+05  0.1229111E+04  0.2745678E-01  0.6397311E+06  0.2910371E+07  0.1979013E-02  0.2225107E+02  0.1417040E+05  0.3731978E+06 
 0.3565321E+01  0.7404111E-03  0.7793767E-16  0.7486718E-06  0.1152791E-02  0.2045112E-01  0.1747213E-02  0.4372089E-02  0.3049279E+04 -0.4815326E+04  0.1021807E+05  0.1232863E+04  0.2772397E-01  0.6428456E+06  0.2927597E+07  0.1979013E-02  0.2225107E+02  0.1431453E+05  0.3753649E+06 
 0.3588623E+01  0.7469799E-03  0.7875339E-16  0.7588221E-06  0.1165442E-02  0.2066464E-01  0.1766306E-02  0.4416787E-02  0.3050127E+04 -0.4804177E+04  0.1035872E+05  0.1236873E+04  0.2801393E-01  0.6465648E+06  0.2944772E+07  0.1979013E-02  0.2225107E+02  0.1447058E+05  0.3778884E+06 
 0.3611926E+01  0.7535635E-03  0.7958402E-16  0.7692176E-06  0.1178352E-02  0.2088209E-01  0.1785785E-02  0.4462268E-02  0.3050976E+04 -0.4793128E+04  0.1050291E+05  0.1240983E+04  0.2830926E-01  0.6503790E+06  0.2962077E+07  0.1979013E-02  0.2225107E+02  0.1462951E+05  0.3804744E+06 
 0.3635229E+01  0.7601810E-03  0.8042227E-16  0.7798379E-06  0.1191461E-02  0.2110150E-01  0.1805528E-02  0.4508044E-02  0.3051804E+04 -0.4782057E+04  0.1064842E+05  0.1245040E+04  0.2860732E-01  0.6541940E+06  0.2979516E+07  0.1979013E-02  0.2225107E+02  0.1478978E+05  0.3830684E+06 
 0.3658532E+01  0.7668405E-03  0.8124697E-16  0.7899036E-06  0.1204104E-02  0.2131742E-01  0.1824673E-02  0.4553457E-02  0.3052694E+04 -0.4770916E+04  0.1079339E+05  0.1249174E+04  0.2890044E-01  0.6578214E+06  0.2997076E+07  0.1979013E-02  0.2225107E+02  0.1494830E+05  0.3855581E+06 
 0.3681834E+01  0.7734737E-03  0.8210859E-16  0.8001816E-06  0.1217176E-02  0.2154314E-01  0.1844521E-02  0.4601144E-02  0.3053693E+04 -0.4760129E+04  0.1094701E+05  0.1253654E+04  0.2920678E-01  0.6617913E+06  0.3014650E+07  0.1979013E-02  0.2225107E+02  0.1511479E+05  0.3882529E+06 
 0.3705137E+01  0.7800443E-03  0.8304379E-16  0.8112261E-06  0.1231361E-02  0.2178819E-01  0.1866049E-02  0.4652929E-02  0.3054749E+04 -0.4749906E+04  0.1111460E+05  0.1258503E+04  0.2953934E-01  0.6664550E+06  0.3032081E+07  0.1979013E-02  0.2225107E+02  0.1529547E+05  0.3913572E+06 
 0.3728440E+01  0.7865821E-03  0.8404059E-16  0.8233875E-06  0.1246739E-02  0.2204911E-01  0.1889275E-02  0.4707675E-02  0.3055734E+04 -0.4740052E+04  0.1129312E+05  0.1263540E+04  0.2989363E-01  0.6716528E+06  0.3049528E+07  0.1979013E-02  0.2225107E+02  0.1548685E+05  0.3947826E+06 
 0.3751743E+01  0.7932185E-03  0.8499855E-16  0.8351400E-06  0.1261559E-02  0.2229992E-01  0.1911638E-02  0.4760244E-02  0.3056684E+04 -0.4729772E+04  0.1146479E+05  0.1268276E+04  0.3023419E-01  0.6763614E+06  0.3067261E+07  0.1979013E-02  0.2225107E+02  0.1567100E+05  0.3979325E+06 
 0.3775045E+01  0.7999629E-03  0.8591090E-16  0.8463810E-06  0.1275689E-02  0.2253876E-01  0.1932951E-02  0.4810283E-02  0.3057582E+04 -0.4719025E+04  0.1162829E+05  0.1272689E+04  0.3055853E-01  0.6805140E+06  0.3085298E+07  0.1979013E-02  0.2225107E+02  0.1584648E+05  0.4007669E+06 
 0.3798348E+01  0.8067964E-03  0.8678137E-16  0.8569814E-06  0.1289079E-02  0.2276662E-01  0.1953172E-02  0.4858155E-02  0.3058514E+04 -0.4707939E+04  0.1178578E+05  0.1276980E+04  0.3086789E-01  0.6841771E+06  0.3103670E+07  0.1979013E-02  0.2225107E+02  0.1601471E+05  0.4033244E+06 
 0.3821651E+01  0.8136414E-03  0.8766980E-16  0.8675043E-06  0.1302613E-02  0.2299931E-01  0.1973645E-02  0.4907252E-02  0.3059501E+04 -0.4696972E+04  0.1194745E+05  0.1281375E+04  0.3118369E-01  0.6879605E+06  0.3122056E+07  0.1979013E-02  0.2225107E+02  0.1618702E+05  0.4059575E+06 
 0.3844954E+01  0.8205033E-03  0.8857499E-16  0.8782196E-06  0.1316439E-02  0.2323637E-01  0.1994533E-02  0.4957220E-02  0.3060485E+04 -0.4686092E+04  0.1211297E+05  0.1285846E+04  0.3150544E-01  0.6918424E+06  0.3140553E+07  0.1979013E-02  0.2225107E+02  0.1636255E+05  0.4086564E+06 
 0.3868256E+01  0.8273686E-03  0.8950643E-16  0.8891885E-06  0.1330656E-02  0.2348032E-01  0.2016003E-02  0.5008659E-02  0.3061497E+04 -0.4675372E+04  0.1228415E+05  0.1290442E+04  0.3183653E-01  0.6959181E+06  0.3159099E+07  0.1979013E-02  0.2225107E+02  0.1654334E+05  0.4114761E+06 
 0.3891559E+01  0.8342866E-03  0.9042306E-16  0.8996738E-06  0.1344448E-02  0.2372047E-01  0.2036904E-02  0.5059593E-02  0.3062559E+04 -0.4664535E+04  0.1245400E+05  0.1295027E+04  0.3216231E-01  0.6997839E+06  0.3177786E+07  0.1979013E-02  0.2225107E+02  0.1672216E+05  0.4141792E+06 
 0.3914862E+01  0.8411543E-03  0.9141204E-16  0.9113681E-06  0.1359578E-02  0.2397925E-01  0.2059724E-02  0.5114095E-02  0.3063578E+04 -0.4654154E+04  0.1263740E+05  0.1299887E+04  0.3251356E-01  0.7042812E+06  0.3196437E+07  0.1979013E-02  0.2225107E+02  0.1691385E+05  0.4172624E+06 
 0.3938165E+01  0.8480960E-03  0.9237768E-16  0.9226706E-06  0.1374293E-02  0.2423230E-01  0.2081933E-02  0.5167510E-02  0.3064589E+04 -0.4643536E+04  0.1281712E+05  0.1304582E+04  0.3285696E-01  0.7084758E+06  0.3215271E+07  0.1979013E-02  0.2225107E+02  0.1710164E+05  0.4201756E+06 
 0.3961467E+01  0.8550816E-03  0.9333467E-16  0.9336435E-06  0.1388712E-02  0.2448297E-01  0.2103760E-02  0.5220650E-02  0.3065636E+04 -0.4632853E+04  0.1299699E+05  0.1309331E+04  0.3319702E-01  0.7125186E+06  0.3234276E+07  0.1979013E-02  0.2225107E+02  0.1728833E+05  0.4230075E+06 
 0.3984770E+01  0.8620514E-03  0.9432428E-16  0.9446632E-06  0.1403417E-02  0.2474229E-01  0.2126105E-02  0.5275928E-02  0.3066796E+04 -0.4622428E+04  0.1318494E+05  0.1314342E+04  0.3354869E-01  0.7168294E+06  0.3253245E+07  0.1979013E-02  0.2225107E+02  0.1748245E+05  0.4260032E+06 
 0.4008073E+01  0.8689716E-03  0.9537036E-16  0.9560490E-06  0.1418780E-02  0.2501656E-01  0.2149514E-02  0.5334667E-02  0.3068062E+04 -0.4612433E+04  0.1338570E+05  0.1319736E+04  0.3392048E-01  0.7216423E+06  0.3272080E+07  0.1979013E-02  0.2225107E+02  0.1768843E+05  0.4293003E+06 
 0.4031376E+01  0.8757881E-03  0.9652947E-16  0.9692586E-06  0.1436218E-02  0.2532020E-01  0.2175900E-02  0.5399086E-02  0.3069272E+04 -0.4603141E+04  0.1360812E+05  0.1325562E+04  0.3433238E-01  0.7274654E+06  0.3290732E+07  0.1979013E-02  0.2225107E+02  0.1791482E+05  0.4332043E+06 
 0.4054678E+01  0.8826698E-03  0.9767253E-16  0.9821015E-06  0.1453274E-02  0.2561983E-01  0.2201761E-02  0.5462871E-02  0.3070495E+04 -0.4593652E+04  0.1382854E+05  0.1331274E+04  0.3473872E-01  0.7330440E+06  0.3309535E+07  0.1979013E-02  0.2225107E+02  0.1813880E+05  0.4369731E+06 
 0.4077981E+01  0.8895493E-03  0.9883400E-16  0.9947018E-06  0.1470267E-02  0.2592424E-01  0.2227668E-02  0.5528155E-02  0.3071832E+04 -0.4584323E+04  0.1405574E+05  0.1337272E+04  0.3515133E-01  0.7387409E+06  0.3328366E+07  0.1979013E-02  0.2225107E+02  0.1836769E+05  0.4408199E+06 
 0.4101284E+01  0.8964383E-03  0.1000351E-15  0.1008262E-05  0.1488188E-02  0.2623892E-01  0.2254832E-02  0.5595136E-02  0.3073107E+04 -0.4575088E+04  0.1428972E+05  0.1343223E+04  0.3557809E-01  0.7447001E+06  0.3347272E+07  0.1979013E-02  0.2225107E+02  0.1860345E+05  0.4448349E+06 
 0.4124587E+01  0.9032433E-03  0.1013264E-15  0.1022822E-05  0.1507443E-02  0.2657738E-01  0.2284031E-02  0.5667206E-02  0.3074338E+04 -0.4566418E+04  0.1454296E+05  0.1349614E+04  0.3603708E-01  0.7514515E+06  0.3365925E+07  0.1979013E-02  0.2225107E+02  0.1885595E+05  0.4493266E+06 
 0.4147889E+01  0.9102458E-03  0.1025033E-15  0.1035862E-05  0.1524767E-02  0.2688593E-01  0.2310389E-02  0.5733236E-02  0.3075595E+04 -0.4556889E+04  0.1477614E+05  0.1355526E+04  0.3645535E-01  0.7570041E+06  0.3385227E+07  0.1979013E-02  0.2225107E+02  0.1908786E+05  0.4531236E+06 
 0.4171192E+01  0.9172288E-03  0.1037285E-15  0.1049241E-05  0.1542730E-02  0.2720710E-01  0.2337742E-02  0.5802073E-02  0.3076921E+04 -0.4547603E+04  0.1501950E+05  0.1361600E+04  0.3689069E-01  0.7629250E+06  0.3404433E+07  0.1979013E-02  0.2225107E+02  0.1932977E+05  0.4571472E+06 
 0.4194495E+01  0.9242190E-03  0.1049766E-15  0.1062772E-05  0.1560948E-02  0.2753431E-01  0.2365516E-02  0.5872321E-02  0.3078258E+04 -0.4538421E+04  0.1526954E+05  0.1367835E+04  0.3733416E-01  0.7689815E+06  0.3423709E+07  0.1979013E-02  0.2225107E+02  0.1957644E+05  0.4612624E+06 
 0.4217798E+01  0.9311704E-03  0.1062888E-15  0.1077218E-05  0.1580252E-02  0.2787831E-01  0.2394852E-02  0.5945971E-02  0.3079597E+04 -0.4529566E+04  0.1553328E+05  0.1374301E+04  0.3780046E-01  0.7755509E+06  0.3442919E+07  0.1979013E-02  0.2225107E+02  0.1983538E+05  0.4656942E+06 
 0.4241100E+01  0.9381870E-03  0.1075927E-15  0.1091540E-05  0.1599403E-02  0.2822005E-01  0.2423957E-02  0.6019177E-02  0.3080890E+04 -0.4520528E+04  0.1579597E+05  0.1380631E+04  0.3826368E-01  0.7819248E+06  0.3462301E+07  0.1979013E-02  0.2225107E+02  0.2009257E+05  0.4700219E+06 
 0.4264403E+01  0.9452660E-03  0.1088772E-15  0.1105430E-05  0.1618123E-02  0.2855696E-01  0.2452474E-02  0.6091578E-02  0.3082222E+04 -0.4511326E+04  0.1605767E+05  0.1386966E+04  0.3872024E-01  0.7880367E+06  0.3481941E+07  0.1979013E-02  0.2225107E+02  0.2034711E+05  0.4742071E+06 
 0.4287706E+01  0.9523755E-03  0.1101855E-15  0.1119743E-05  0.1637292E-02  0.2889984E-01  0.2481615E-02  0.6165100E-02  0.3083523E+04 -0.4502117E+04  0.1632355E+05  0.1393218E+04  0.3918497E-01  0.7942424E+06  0.3501636E+07  0.1979013E-02  0.2225107E+02  0.2060590E+05  0.4784600E+06 
 0.4311009E+01  0.9595217E-03  0.1114962E-15  0.1133931E-05  0.1656378E-02  0.2924348E-01  0.2510685E-02  0.6238962E-02  0.3084803E+04 -0.4492872E+04  0.1659235E+05  0.1399540E+04  0.3965064E-01  0.8003840E+06  0.3521478E+07  0.1979013E-02  0.2225107E+02  0.2086537E+05  0.4826868E+06 
 0.4334311E+01  0.9667221E-03  0.1128054E-15  0.1148130E-05  0.1675453E-02  0.2958673E-01  0.2539731E-02  0.6312726E-02  0.3086075E+04 -0.4483513E+04  0.1686183E+05  0.1405789E+04  0.4011579E-01  0.8064033E+06  0.3541503E+07  0.1979013E-02  0.2225107E+02  0.2112480E+05  0.4868541E+06 
 0.4357614E+01  0.9739880E-03  0.1141085E-15  0.1162197E-05  0.1694432E-02  0.2992836E-01  0.2568651E-02  0.6386143E-02  0.3087304E+04 -0.4473992E+04  0.1713032E+05  0.1411890E+04  0.4057875E-01  0.8122486E+06  0.3561690E+07  0.1979013E-02  0.2225107E+02  0.2138291E+05  0.4909294E+06 
 0.4380917E+01  0.9813083E-03  0.1154047E-15  0.1176235E-05  0.1713333E-02  0.3026811E-01  0.2597407E-02  0.6459132E-02  0.3088510E+04 -0.4464363E+04  0.1739949E+05  0.1417996E+04  0.4103916E-01  0.8179327E+06  0.3582135E+07  0.1979013E-02  0.2225107E+02  0.2163973E+05  0.4949235E+06 
 0.4404220E+01  0.9886839E-03  0.1166878E-15  0.1189617E-05  0.1731655E-02  0.3060469E-01  0.2625425E-02  0.6532027E-02  0.3089837E+04 -0.4454629E+04  0.1766838E+05  0.1424113E+04  0.4149499E-01  0.8234148E+06  0.3602701E+07  0.1979013E-02  0.2225107E+02  0.2189611E+05  0.4988059E+06 
 0.4427522E+01  0.9960912E-03  0.1179812E-15  0.1202998E-05  0.1750052E-02  0.3094396E-01  0.2653606E-02  0.6605599E-02  0.3091186E+04 -0.4444897E+04  0.1794102E+05  0.1430276E+04  0.4195442E-01  0.8288980E+06  0.3623387E+07  0.1979013E-02  0.2225107E+02  0.2215506E+05  0.5027012E+06 
 0.4450825E+01  0.1003422E-02  0.1193609E-15  0.1217272E-05  0.1769695E-02  0.3130587E-01  0.2683699E-02  0.6684048E-02  0.3092581E+04 -0.4435647E+04  0.1823350E+05  0.1436832E+04  0.4244453E-01  0.8350946E+06  0.3643858E+07  0.1979013E-02  0.2225107E+02  0.2243113E+05  0.5070344E+06 
 0.4474128E+01  0.1010771E-02  0.1207659E-15  0.1231779E-05  0.1789668E-02  0.3167450E-01  0.2714322E-02  0.6764004E-02  0.3093961E+04 -0.4426451E+04  0.1853219E+05  0.1443418E+04  0.4294373E-01  0.8414165E+06  0.3664349E+07  0.1979013E-02  0.2225107E+02  0.2271225E+05  0.5114544E+06 
 0.4497431E+01  0.1018088E-02  0.1222313E-15  0.1247155E-05  0.1810703E-02  0.3205875E-01  0.2746522E-02  0.6847017E-02  0.3095261E+04 -0.4417525E+04  0.1884503E+05  0.1450226E+04  0.4346423E-01  0.8481839E+06  0.3684809E+07  0.1979013E-02  0.2225107E+02  0.2300396E+05  0.5161568E+06 
 0.4520733E+01  0.1025495E-02  0.1236733E-15  0.1262130E-05  0.1831256E-02  0.3243680E-01  0.2778033E-02  0.6928903E-02  0.3096580E+04 -0.4408343E+04  0.1915377E+05  0.1456845E+04  0.4397625E-01  0.8546120E+06  0.3705500E+07  0.1979013E-02  0.2225107E+02  0.2329186E+05  0.5206688E+06 
 0.4544036E+01  0.1032960E-02  0.1251095E-15  0.1277013E-05  0.1851673E-02  0.3281323E-01  0.2809334E-02  0.7010515E-02  0.3097875E+04 -0.4399043E+04  0.1946308E+05  0.1463431E+04  0.4448602E-01  0.8608748E+06  0.3726402E+07  0.1979013E-02  0.2225107E+02  0.2357869E+05  0.5250965E+06 
 0.4567339E+01  0.1040445E-02  0.1265517E-15  0.1291576E-05  0.1871885E-02  0.3319274E-01  0.2840502E-02  0.7093320E-02  0.3099269E+04 -0.4389793E+04  0.1977827E+05  0.1470187E+04  0.4499974E-01  0.8671576E+06  0.3747371E+07  0.1979013E-02  0.2225107E+02  0.2386947E+05  0.5295480E+06 
 0.4590642E+01  0.1047966E-02  0.1280175E-15  0.1306288E-05  0.1892308E-02  0.3357679E-01  0.2872034E-02  0.7177150E-02  0.3100666E+04 -0.4380526E+04  0.2009765E+05  0.1476900E+04  0.4551959E-01  0.8734760E+06  0.3768403E+07  0.1979013E-02  0.2225107E+02  0.2416400E+05  0.5340337E+06 
 0.4613944E+01  0.1055444E-02  0.1295480E-15  0.1321799E-05  0.1913773E-02  0.3397798E-01  0.2905156E-02  0.7264519E-02  0.3102005E+04 -0.4371565E+04  0.2043331E+05  0.1483891E+04  0.4606275E-01  0.8802861E+06  0.3789358E+07  0.1979013E-02  0.2225107E+02  0.2447051E+05  0.5388306E+06 
 0.4637247E+01  0.1063011E-02  0.1310822E-15  0.1338171E-05  0.1935918E-02  0.3438032E-01  0.2939075E-02  0.7351244E-02  0.3103112E+04 -0.4362370E+04  0.2076678E+05  0.1490482E+04  0.4660790E-01  0.8869608E+06  0.3810538E+07  0.1979013E-02  0.2225107E+02  0.2477506E+05  0.5435646E+06 
 0.4660550E+01  0.1070663E-02  0.1325736E-15  0.1353341E-05  0.1956847E-02  0.3477163E-01  0.2971380E-02  0.7436469E-02  0.3104274E+04 -0.4352955E+04  0.2109614E+05  0.1497134E+04  0.4713768E-01  0.8931752E+06  0.3831996E+07  0.1979013E-02  0.2225107E+02  0.2507288E+05  0.5480330E+06 
 0.4683853E+01  0.1078584E-02  0.1339129E-15  0.1366550E-05  0.1975225E-02  0.3512304E-01  0.2999952E-02  0.7513593E-02  0.3105540E+04 -0.4342594E+04  0.2139367E+05  0.1503124E+04  0.4761318E-01  0.8978951E+06  0.3854282E+07  0.1979013E-02  0.2225107E+02  0.2534375E+05  0.5516156E+06 
 0.4707155E+01  0.1086486E-02  0.1353254E-15  0.1381099E-05  0.1995126E-02  0.3549349E-01  0.3030681E-02  0.7594129E-02  0.3106654E+04 -0.4332459E+04  0.2170480E+05  0.1509110E+04  0.4811481E-01  0.9031247E+06  0.3876452E+07  0.1979013E-02  0.2225107E+02  0.2562653E+05  0.5555199E+06 
 0.4730458E+01  0.1094378E-02  0.1367592E-15  0.1395118E-05  0.2014783E-02  0.3586972E-01  0.3061351E-02  0.7676686E-02  0.3107822E+04 -0.4322510E+04  0.2202629E+05  0.1515467E+04  0.4862393E-01  0.9084940E+06  0.3898621E+07  0.1979013E-02  0.2225107E+02  0.2591473E+05  0.5595190E+06 
 0.4753761E+01  0.1102452E-02  0.1381163E-15  0.1408471E-05  0.2033376E-02  0.3622585E-01  0.3090381E-02  0.7754849E-02  0.3109018E+04 -0.4311989E+04  0.2232953E+05  0.1521290E+04  0.4910587E-01  0.9130378E+06  0.3921306E+07  0.1979013E-02  0.2225107E+02  0.2618912E+05  0.5630337E+06 
 0.4777064E+01  0.1110467E-02  0.1395423E-15  0.1422183E-05  0.2052663E-02  0.3660005E-01  0.3120620E-02  0.7837328E-02  0.3110267E+04 -0.4301851E+04  0.2265130E+05  0.1527510E+04  0.4961208E-01  0.9181172E+06  0.3943797E+07  0.1979013E-02  0.2225107E+02  0.2647772E+05  0.5668829E+06 
 0.4800366E+01  0.1118552E-02  0.1409572E-15  0.1435660E-05  0.2071681E-02  0.3697152E-01  0.3150538E-02  0.7919376E-02  0.3111577E+04 -0.4291588E+04  0.2297184E+05  0.1533641E+04  0.5011455E-01  0.9229962E+06  0.3966491E+07  0.1979013E-02  0.2225107E+02  0.2676564E+05  0.5706243E+06 
 0.4823669E+01  0.1126641E-02  0.1424236E-15  0.1449997E-05  0.2091730E-02  0.3735631E-01  0.3181947E-02  0.8003851E-02  0.3112796E+04 -0.4281459E+04  0.2330238E+05  0.1539749E+04  0.5063529E-01  0.9281900E+06  0.3989140E+07  0.1979013E-02  0.2225107E+02  0.2706222E+05  0.5745708E+06 
 0.4846972E+01  0.1134746E-02  0.1439210E-15  0.1464902E-05  0.2112350E-02  0.3774876E-01  0.3214202E-02  0.8089751E-02  0.3113879E+04 -0.4271414E+04  0.2364114E+05  0.1545949E+04  0.5116653E-01  0.9335321E+06  0.4011872E+07  0.1979013E-02  0.2225107E+02  0.2736271E+05  0.5786235E+06 
 0.4870275E+01  0.1142956E-02  0.1453763E-15  0.1478895E-05  0.2131917E-02  0.3813084E-01  0.3245076E-02  0.8174095E-02  0.3115054E+04 -0.4261123E+04  0.2397312E+05  0.1552026E+04  0.5168341E-01  0.9384245E+06  0.4034856E+07  0.1979013E-02  0.2225107E+02  0.2765748E+05  0.5824134E+06 
 0.4893577E+01  0.1151314E-02  0.1467580E-15  0.1491578E-05  0.2149980E-02  0.3849371E-01  0.3273883E-02  0.8254919E-02  0.3116355E+04 -0.4250426E+04  0.2429101E+05  0.1557876E+04  0.5217398E-01  0.9425816E+06  0.4058293E+07  0.1979013E-02  0.2225107E+02  0.2794066E+05  0.5857684E+06 
 0.4916880E+01  0.1159690E-02  0.1481746E-15  0.1504821E-05  0.2168735E-02  0.3886574E-01  0.3303691E-02  0.8337441E-02  0.3117650E+04 -0.4239824E+04  0.2461692E+05  0.1563750E+04  0.5267711E-01  0.9469292E+06  0.4081785E+07  0.1979013E-02  0.2225107E+02  0.2823073E+05  0.5892549E+06 
 0.4940183E+01  0.1168020E-02  0.1496734E-15  0.1519190E-05  0.2188859E-02  0.3925895E-01  0.3335524E-02  0.8424234E-02  0.3118849E+04 -0.4229537E+04  0.2496090E+05  0.1569793E+04  0.5320909E-01  0.9518565E+06  0.4105079E+07  0.1979013E-02  0.2225107E+02  0.2853507E+05  0.5931081E+06 
 0.4963486E+01  0.1176372E-02  0.1511726E-15  0.1532785E-05  0.2208293E-02  0.3965229E-01  0.3366640E-02  0.8512034E-02  0.3120174E+04 -0.4219317E+04  0.2531075E+05  0.1576109E+04  0.5374079E-01  0.9567279E+06  0.4128458E+07  0.1979013E-02  0.2225107E+02  0.2884199E+05  0.5969378E+06 
 0.4986788E+01  0.1184867E-02  0.1526252E-15  0.1546072E-05  0.2227187E-02  0.4003388E-01  0.3396887E-02  0.8597150E-02  0.3121550E+04 -0.4208733E+04  0.2564876E+05  0.1582030E+04  0.5425665E-01  0.9610717E+06  0.4152229E+07  0.1979013E-02  0.2225107E+02  0.2914153E+05  0.6004612E+06 
 0.5010091E+01  0.1193372E-02  0.1541148E-15  0.1559877E-05  0.2246854E-02  0.4042507E-01  0.3428188E-02  0.8683990E-02  0.3122862E+04 -0.4198263E+04  0.2599613E+05  0.1588025E+04  0.5478566E-01  0.9656197E+06  0.4176068E+07  0.1979013E-02  0.2225107E+02  0.2944739E+05  0.6041269E+06 
 0.5033394E+01  0.1201912E-02  0.1556324E-15  0.1574325E-05  0.2267152E-02  0.4082324E-01  0.3460372E-02  0.8771977E-02  0.3124071E+04 -0.4187821E+04  0.2634946E+05  0.1593982E+04  0.5532432E-01  0.9702692E+06  0.4199992E+07  0.1979013E-02  0.2225107E+02  0.2975708E+05  0.6078711E+06 
 0.5056697E+01  0.1210531E-02  0.1571195E-15  0.1587699E-05  0.2286379E-02  0.4121385E-01  0.3491194E-02  0.8859269E-02  0.3125385E+04 -0.4177254E+04  0.2669998E+05  0.1599978E+04  0.5585228E-01  0.9745916E+06  0.4224112E+07  0.1979013E-02  0.2225107E+02  0.3006346E+05  0.6114245E+06 
 0.5079999E+01  0.1219308E-02  0.1585414E-15  0.1600333E-05  0.2304637E-02  0.4158668E-01  0.3520507E-02  0.8942727E-02  0.3126766E+04 -0.4166298E+04  0.2703617E+05  0.1605697E+04  0.5635616E-01  0.9782325E+06  0.4248780E+07  0.1979013E-02  0.2225107E+02  0.3035832E+05  0.6145785E+06 
 0.5103302E+01  0.1228157E-02  0.1599666E-15  0.1613374E-05  0.2323427E-02  0.4196090E-01  0.3550352E-02  0.9025864E-02  0.3128085E+04 -0.4155252E+04  0.2737226E+05  0.1611238E+04  0.5686216E-01  0.9817889E+06  0.4273685E+07  0.1979013E-02  0.2225107E+02  0.3065344E+05  0.6176992E+06 
 0.5126605E+01  0.1237022E-02  0.1614258E-15  0.1626913E-05  0.2342826E-02  0.4234399E-01  0.3581091E-02  0.9110734E-02  0.3129295E+04 -0.4144311E+04  0.2771714E+05  0.1616851E+04  0.5738027E-01  0.9855240E+06  0.4298616E+07  0.1979013E-02  0.2225107E+02  0.3095363E+05  0.6209440E+06 
 0.5149908E+01  0.1245971E-02  0.1628431E-15  0.1638997E-05  0.2360817E-02  0.4271593E-01  0.3609972E-02  0.9194357E-02  0.3130702E+04 -0.4133248E+04  0.2805793E+05  0.1622584E+04  0.5788272E-01  0.9888532E+06  0.4323822E+07  0.1979013E-02  0.2225107E+02  0.3124946E+05  0.6239495E+06 
 0.5173210E+01  0.1255088E-02  0.1641900E-15  0.1650446E-05  0.2378002E-02  0.4307091E-01  0.3637477E-02  0.9274174E-02  0.3132214E+04 -0.4121792E+04  0.2838271E+05  0.1627939E+04  0.5836221E-01  0.9915253E+06  0.4349551E+07  0.1979013E-02  0.2225107E+02  0.3153496E+05  0.6265674E+06 
 0.5196513E+01  0.1264240E-02  0.1655644E-15  0.1662364E-05  0.2395902E-02  0.4343104E-01  0.3665793E-02  0.9354520E-02  0.3133678E+04 -0.4110385E+04  0.2871332E+05  0.1633328E+04  0.5884891E-01  0.9942678E+06  0.4375486E+07  0.1979013E-02  0.2225107E+02  0.3182370E+05  0.6292489E+06 
 0.5219816E+01  0.1273331E-02  0.1670249E-15  0.1675277E-05  0.2415204E-02  0.4381380E-01  0.3696137E-02  0.9439546E-02  0.3135088E+04 -0.4099339E+04  0.2906494E+05  0.1638961E+04  0.5936636E-01  0.9976266E+06  0.4401183E+07  0.1979013E-02  0.2225107E+02  0.3212848E+05  0.6323241E+06 
 0.5243119E+01  0.1282499E-02  0.1684708E-15  0.1688102E-05  0.2434412E-02  0.4419356E-01  0.3726254E-02  0.9523839E-02  0.3136445E+04 -0.4088203E+04  0.2941543E+05  0.1644544E+04  0.5987975E-01  0.1000795E+07  0.4427127E+07  0.1979013E-02  0.2225107E+02  0.3243053E+05  0.6352975E+06 
 0.5266421E+01  0.1291759E-02  0.1698953E-15  0.1700584E-05  0.2453310E-02  0.4456699E-01  0.3755780E-02  0.9606755E-02  0.3137822E+04 -0.4076939E+04  0.2976235E+05  0.1650068E+04  0.6038454E-01  0.1003677E+07  0.4453397E+07  0.1979013E-02  0.2225107E+02  0.3272865E+05  0.6381117E+06 
 0.5289724E+01  0.1301184E-02  0.1712600E-15  0.1712919E-05  0.2471941E-02  0.4492627E-01  0.3784561E-02  0.9685933E-02  0.3139109E+04 -0.4065316E+04  0.3009472E+05  0.1655203E+04  0.6087042E-01  0.1005993E+07  0.4480192E+07  0.1979013E-02  0.2225107E+02  0.3301503E+05  0.6405940E+06 
 0.5313027E+01  0.1310726E-02  0.1725892E-15  0.1724810E-05  0.2490204E-02  0.4527444E-01  0.3812548E-02  0.9762415E-02  0.3140339E+04 -0.4053500E+04  0.3041984E+05  0.1660261E+04  0.6134133E-01  0.1007891E+07  0.4507460E+07  0.1979013E-02  0.2225107E+02  0.3329249E+05  0.6428371E+06 
 0.5336330E+01  0.1320313E-02  0.1739165E-15  0.1736052E-05  0.2507956E-02  0.4562202E-01  0.3839888E-02  0.9839483E-02  0.3141672E+04 -0.4041715E+04  0.3074767E+05  0.1665431E+04  0.6181108E-01  0.1009713E+07  0.4534813E+07  0.1979013E-02  0.2225107E+02  0.3357177E+05  0.6450415E+06 
 0.5359632E+01  0.1330034E-02  0.1751825E-15  0.1746378E-05  0.2524696E-02  0.4595483E-01  0.3865669E-02  0.9913691E-02  0.3143104E+04 -0.4029695E+04  0.3106454E+05  0.1670480E+04  0.6226064E-01  0.1011016E+07  0.4562599E+07  0.1979013E-02  0.2225107E+02  0.3384233E+05  0.6469369E+06 
 0.5382935E+01  0.1339898E-02  0.1764302E-15  0.1757546E-05  0.2542156E-02  0.4628166E-01  0.3892018E-02  0.9985139E-02  0.3144340E+04 -0.4017423E+04  0.3137205E+05  0.1675132E+04  0.6270273E-01  0.1012002E+07  0.4590856E+07  0.1979013E-02  0.2225107E+02  0.3410503E+05  0.6486578E+06 
 0.5406238E+01  0.1349695E-02  0.1777483E-15  0.1769013E-05  0.2560478E-02  0.4662703E-01  0.3919613E-02  0.1006087E-01  0.3145530E+04 -0.4005524E+04  0.3170077E+05  0.1680184E+04  0.6316976E-01  0.1013510E+07  0.4618895E+07  0.1979013E-02  0.2225107E+02  0.3438089E+05  0.6507137E+06 
 0.5429541E+01  0.1359490E-02  0.1790984E-15  0.1780819E-05  0.2579425E-02  0.4698160E-01  0.3948036E-02  0.1013844E-01  0.3146727E+04 -0.3993807E+04  0.3204096E+05  0.1685432E+04  0.6364928E-01  0.1015237E+07  0.4646965E+07  0.1979013E-02  0.2225107E+02  0.3466392E+05  0.6529228E+06 
 0.5452843E+01  0.1369555E-02  0.1803372E-15  0.1791936E-05  0.2597232E-02  0.4730654E-01  0.3974445E-02  0.1020894E-01  0.3147806E+04 -0.3981471E+04  0.3235058E+05  0.1690045E+04  0.6408895E-01  0.1015945E+07  0.4675826E+07  0.1979013E-02  0.2225107E+02  0.3492310E+05  0.6545119E+06 
 0.5476146E+01  0.1379629E-02  0.1816005E-15  0.1802839E-05  0.2615074E-02  0.4763702E-01  0.4000936E-02  0.1028106E-01  0.3148871E+04 -0.3969289E+04  0.3266960E+05  0.1694898E+04  0.6453589E-01  0.1016779E+07  0.4704701E+07  0.1979013E-02  0.2225107E+02  0.3518642E+05  0.6561899E+06 
 0.5499449E+01  0.1389750E-02  0.1828731E-15  0.1814033E-05  0.2633316E-02  0.4797110E-01  0.4027896E-02  0.1035369E-01  0.3149908E+04 -0.3957150E+04  0.3299279E+05  0.1699763E+04  0.6498782E-01  0.1017647E+07  0.4733701E+07  0.1979013E-02  0.2225107E+02  0.3545209E+05  0.6579030E+06 
 0.5522752E+01  0.1399981E-02  0.1841127E-15  0.1824607E-05  0.2650946E-02  0.4829682E-01  0.4053907E-02  0.1042477E-01  0.3150946E+04 -0.3944876E+04  0.3330950E+05  0.1704532E+04  0.6542827E-01  0.1018198E+07  0.4762974E+07  0.1979013E-02  0.2225107E+02  0.3571189E+05  0.6594274E+06 
 0.5546054E+01  0.1410222E-02  0.1854031E-15  0.1835688E-05  0.2669282E-02  0.4863190E-01  0.4080900E-02  0.1049759E-01  0.3151890E+04 -0.3932752E+04  0.3363665E+05  0.1709433E+04  0.6588151E-01  0.1018959E+07  0.4792259E+07  0.1979013E-02  0.2225107E+02  0.3597705E+05  0.6610977E+06 
 0.5569357E+01  0.1420523E-02  0.1866877E-15  0.1847014E-05  0.2687933E-02  0.4897026E-01  0.4108285E-02  0.1057094E-01  0.3152731E+04 -0.3920639E+04  0.3396642E+05  0.1714278E+04  0.6633927E-01  0.1019728E+07  0.4821622E+07  0.1979013E-02  0.2225107E+02  0.3624289E+05  0.6627835E+06 
 0.5592660E+01  0.1430782E-02  0.1880306E-15  0.1858377E-05  0.2707028E-02  0.4932306E-01  0.4136490E-02  0.1064791E-01  0.3153569E+04 -0.3908812E+04  0.3431358E+05  0.1719439E+04  0.6681635E-01  0.1020874E+07  0.4850781E+07  0.1979013E-02  0.2225107E+02  0.3651967E+05  0.6647149E+06 
 0.5615963E+01  0.1441149E-02  0.1893737E-15  0.1870169E-05  0.2726466E-02  0.4967424E-01  0.4165107E-02  0.1072389E-01  0.3154259E+04 -0.3896864E+04  0.3465680E+05  0.1724369E+04  0.6729157E-01  0.1021859E+07  0.4880170E+07  0.1979013E-02  0.2225107E+02  0.3679256E+05  0.6665589E+06 
 0.5639265E+01  0.1451528E-02  0.1907241E-15  0.1880903E-05  0.2745106E-02  0.5002832E-01  0.4192871E-02  0.1080188E-01  0.3155059E+04 -0.3885055E+04  0.3500840E+05  0.1729582E+04  0.6777005E-01  0.1022898E+07  0.4909477E+07  0.1979013E-02  0.2225107E+02  0.3707015E+05  0.6684395E+06 
 0.5662568E+01  0.1461904E-02  0.1921338E-15  0.1892833E-05  0.2765149E-02  0.5039824E-01  0.4222603E-02  0.1088250E-01  0.3155731E+04 -0.3873419E+04  0.3537351E+05  0.1734817E+04  0.6827038E-01  0.1024286E+07  0.4938705E+07  0.1979013E-02  0.2225107E+02  0.3735708E+05  0.6705581E+06 
 0.5685871E+01  0.1472423E-02  0.1935067E-15  0.1904062E-05  0.2784367E-02  0.5075773E-01  0.4251248E-02  0.1096121E-01  0.3156304E+04 -0.3861574E+04  0.3572867E+05  0.1739858E+04  0.6875645E-01  0.1025279E+07  0.4968210E+07  0.1979013E-02  0.2225107E+02  0.3763460E+05  0.6724337E+06 
 0.5709174E+01  0.1482773E-02  0.1950163E-15  0.1916155E-05  0.2805183E-02  0.5115349E-01  0.4282569E-02  0.1104828E-01  0.3156848E+04 -0.3850335E+04  0.3612197E+05  0.1745448E+04  0.6929143E-01  0.1027251E+07  0.4997053E+07  0.1979013E-02  0.2225107E+02  0.3793877E+05  0.6749367E+06 
 0.5732476E+01  0.1493171E-02  0.1965418E-15  0.1928022E-05  0.2825895E-02  0.5155270E-01  0.4313952E-02  0.1113648E-01  0.3157382E+04 -0.3839130E+04  0.3652010E+05  0.1751077E+04  0.6983096E-01  0.1029233E+07  0.5025918E+07  0.1979013E-02  0.2225107E+02  0.3824556E+05  0.6774565E+06 
 0.5755779E+01  0.1503647E-02  0.1980627E-15  0.1939391E-05  0.2846180E-02  0.5195183E-01  0.4344951E-02  0.1122523E-01  0.3157916E+04 -0.3827880E+04  0.3691830E+05  0.1756640E+04  0.7037014E-01  0.1031110E+07  0.5054836E+07  0.1979013E-02  0.2225107E+02  0.3855260E+05  0.6799169E+06 
 0.5779082E+01  0.1514145E-02  0.1996299E-15  0.1951177E-05  0.2867132E-02  0.5236107E-01  0.4377040E-02  0.1131596E-01  0.3158325E+04 -0.3816729E+04  0.3732664E+05  0.1762252E+04  0.7092316E-01  0.1033167E+07  0.5083725E+07  0.1979013E-02  0.2225107E+02  0.3886479E+05  0.6825066E+06 
 0.5802385E+01  0.1524639E-02  0.2012942E-15  0.1962646E-05  0.2888067E-02  0.5278164E-01  0.4409479E-02  0.1141001E-01  0.3158751E+04 -0.3805744E+04  0.3774809E+05  0.1768034E+04  0.7149116E-01  0.1035455E+07  0.5112414E+07  0.1979013E-02  0.2225107E+02  0.3918608E+05  0.6852495E+06 
 0.5825687E+01  0.1535031E-02  0.2028250E-15  0.1974198E-05  0.2909667E-02  0.5322712E-01  0.4443348E-02  0.1151039E-01  0.3159261E+04 -0.3795159E+04  0.3819758E+05  0.1774221E+04  0.7209250E-01  0.1038365E+07  0.5140645E+07  0.1979013E-02  0.2225107E+02  0.3952795E+05  0.6883972E+06 
 0.5848990E+01  0.1545502E-02  0.2045617E-15  0.1985679E-05  0.2931283E-02  0.5367430E-01  0.4477391E-02  0.1161121E-01  0.3159762E+04 -0.3784525E+04  0.3864860E+05  0.1780322E+04  0.7269617E-01  0.1041201E+07  0.5168998E+07  0.1979013E-02  0.2225107E+02  0.3987115E+05  0.6915130E+06 
 0.5872293E+01  0.1556087E-02  0.2063510E-15  0.1996808E-05  0.2952574E-02  0.5411868E-01  0.4511103E-02  0.1171163E-01  0.3160187E+04 -0.3773756E+04  0.3909577E+05  0.1786244E+04  0.7329599E-01  0.1043826E+07  0.5197522E+07  0.1979013E-02  0.2225107E+02  0.4021093E+05  0.6945061E+06 
 0.5895596E+01  0.1566566E-02  0.2081416E-15  0.2008680E-05  0.2975222E-02  0.5459058E-01  0.4547056E-02  0.1181817E-01  0.3160528E+04 -0.3763388E+04  0.3957348E+05  0.1792555E+04  0.7393304E-01  0.1047120E+07  0.5225653E+07  0.1979013E-02  0.2225107E+02  0.4056961E+05  0.6979437E+06 
 0.5918898E+01  0.1577040E-02  0.2099591E-15  0.2020431E-05  0.2998068E-02  0.5507510E-01  0.4583616E-02  0.1192811E-01  0.3160925E+04 -0.3753169E+04  0.4006543E+05  0.1799001E+04  0.7458692E-01  0.1050652E+07  0.5253616E+07  0.1979013E-02  0.2225107E+02  0.4093913E+05  0.7015458E+06 
 0.5942201E+01  0.1587549E-02  0.2118277E-15  0.2032179E-05  0.3021143E-02  0.5556699E-01  0.4620671E-02  0.1203986E-01  0.3161321E+04 -0.3743003E+04  0.4056610E+05  0.1805490E+04  0.7525070E-01  0.1054268E+07  0.5281587E+07  0.1979013E-02  0.2225107E+02  0.4131436E+05  0.7052189E+06 
 0.5965504E+01  0.1598236E-02  0.2136534E-15  0.2043333E-05  0.3043460E-02  0.5604502E-01  0.4656635E-02  0.1214859E-01  0.3161682E+04 -0.3732555E+04  0.4105375E+05  0.1811739E+04  0.7589575E-01  0.1057377E+07  0.5310039E+07  0.1979013E-02  0.2225107E+02  0.4167867E+05  0.7085869E+06 
 0.5988807E+01  0.1608941E-02  0.2154885E-15  0.2053509E-05  0.3065045E-02  0.5652847E-01  0.4692001E-02  0.1225993E-01  0.3162220E+04 -0.3722205E+04  0.4155176E+05  0.1818198E+04  0.7654751E-01  0.1060551E+07  0.5338422E+07  0.1979013E-02  0.2225107E+02  0.4205134E+05  0.7120066E+06 
 0.6012109E+01  0.1619676E-02  0.2173502E-15  0.2063602E-05  0.3086737E-02  0.5701803E-01  0.4727685E-02  0.1237290E-01  0.3162880E+04 -0.3711921E+04  0.4205929E+05  0.1824773E+04  0.7720742E-01  0.1063792E+07  0.5366886E+07  0.1979013E-02  0.2225107E+02  0.4243152E+05  0.7154905E+06 
 0.6035412E+01  0.1630583E-02  0.2191796E-15  0.2073750E-05  0.3108308E-02  0.5749875E-01  0.4763026E-02  0.1248343E-01  0.3163520E+04 -0.3701384E+04  0.4255537E+05  0.1831014E+04  0.7785559E-01  0.1066641E+07  0.5395775E+07  0.1979013E-02  0.2225107E+02  0.4280483E+05  0.7187443E+06 
 0.6058715E+01  0.1641606E-02  0.2209836E-15  0.2083291E-05  0.3129240E-02  0.5797268E-01  0.4797523E-02  0.1259288E-01  0.3164170E+04 -0.3690724E+04  0.4304786E+05  0.1837224E+04  0.7849441E-01  0.1069207E+07  0.5424974E+07  0.1979013E-02  0.2225107E+02  0.4317363E+05  0.7218342E+06 
 0.6082018E+01  0.1652385E-02  0.2229446E-15  0.2093279E-05  0.3151400E-02  0.5848848E-01  0.4834408E-02  0.1271287E-01  0.3165088E+04 -0.3680750E+04  0.4359197E+05  0.1844234E+04  0.7918925E-01  0.1072850E+07  0.5453422E+07  0.1979013E-02  0.2225107E+02  0.4358023E+05  0.7256361E+06 
 0.6105320E+01  0.1663190E-02  0.2249477E-15  0.2103561E-05  0.3173973E-02  0.5901447E-01  0.4871970E-02  0.1283528E-01  0.3166189E+04 -0.3670849E+04  0.4414664E+05  0.1851251E+04  0.7989779E-01  0.1076633E+07  0.5481859E+07  0.1979013E-02  0.2225107E+02  0.4399900E+05  0.7295504E+06 
 0.6128623E+01  0.1674157E-02  0.2269102E-15  0.2113976E-05  0.3196451E-02  0.5953032E-01  0.4909170E-02  0.1295484E-01  0.3167254E+04 -0.3660721E+04  0.4469197E+05  0.1858058E+04  0.8059290E-01  0.1080016E+07  0.5510805E+07  0.1979013E-02  0.2225107E+02  0.4440970E+05  0.7332347E+06 
 0.6151926E+01  0.1685169E-02  0.2288880E-15  0.2124492E-05  0.3219090E-02  0.6005235E-01  0.4946687E-02  0.1307600E-01  0.3168370E+04 -0.3650628E+04  0.4524571E+05  0.1864910E+04  0.8129625E-01  0.1083442E+07  0.5539817E+07  0.1979013E-02  0.2225107E+02  0.4482668E+05  0.7369688E+06 
 0.6175229E+01  0.1696062E-02  0.2310133E-15  0.2137187E-05  0.3244437E-02  0.6060937E-01  0.4987938E-02  0.1320361E-01  0.3169336E+04 -0.3640922E+04  0.4583463E+05  0.1871973E+04  0.8204750E-01  0.1087647E+07  0.5568426E+07  0.1979013E-02  0.2225107E+02  0.4526648E+05  0.7412388E+06 
 0.6198531E+01  0.1706827E-02  0.2332354E-15  0.2150384E-05  0.3270719E-02  0.6119279E-01  0.5030861E-02  0.1333765E-01  0.3170314E+04 -0.3631611E+04  0.4645875E+05  0.1879539E+04  0.8283417E-01  0.1092467E+07  0.5596655E+07  0.1979013E-02  0.2225107E+02  0.4572685E+05  0.7459313E+06 
 0.6221834E+01  0.1717679E-02  0.2354552E-15  0.2163863E-05  0.3297225E-02  0.6177833E-01  0.5074050E-02  0.1347200E-01  0.3171329E+04 -0.3622233E+04  0.4708498E+05  0.1886980E+04  0.8362377E-01  0.1097192E+07  0.5625052E+07  0.1979013E-02  0.2225107E+02  0.4619011E+05  0.7505880E+06 
 0.6245137E+01  0.1728594E-02  0.2377060E-15  0.2177730E-05  0.3324115E-02  0.6236672E-01  0.5117730E-02  0.1360664E-01  0.3172278E+04 -0.3612843E+04  0.4771779E+05  0.1894448E+04  0.8441738E-01  0.1101869E+07  0.5653645E+07  0.1979013E-02  0.2225107E+02  0.4665429E+05  0.7552439E+06 
 0.6268440E+01  0.1739759E-02  0.2398552E-15  0.2190423E-05  0.3349314E-02  0.6293010E-01  0.5158988E-02  0.1373632E-01  0.3173257E+04 -0.3603050E+04  0.4832693E+05  0.1901615E+04  0.8517691E-01  0.1105764E+07  0.5682897E+07  0.1979013E-02  0.2225107E+02  0.4710102E+05  0.7594109E+06 
 0.6291742E+01  0.1751000E-02  0.2419922E-15  0.2203061E-05  0.3374451E-02  0.6349496E-01  0.5200234E-02  0.1386653E-01  0.3174244E+04 -0.3593228E+04  0.4894040E+05  0.1908784E+04  0.8593838E-01  0.1109575E+07  0.5712312E+07  0.1979013E-02  0.2225107E+02  0.4754955E+05  0.7635464E+06 
 0.6315045E+01  0.1762426E-02  0.2441501E-15  0.2216178E-05  0.3399838E-02  0.6405003E-01  0.5241524E-02  0.1399349E-01  0.3175067E+04 -0.3583155E+04  0.4954194E+05  0.1915634E+04  0.8668710E-01  0.1112975E+07  0.5742215E+07  0.1979013E-02  0.2225107E+02  0.4798690E+05  0.7674438E+06 
 0.6338348E+01  0.1774074E-02  0.2461142E-15  0.2228820E-05  0.3424440E-02  0.6458799E-01  0.5281570E-02  0.1411653E-01  0.3175709E+04 -0.3572764E+04  0.5012515E+05  0.1922169E+04  0.8741276E-01  0.1115793E+07  0.5772631E+07  0.1979013E-02  0.2225107E+02  0.4840721E+05  0.7709790E+06 
 0.6361651E+01  0.1785712E-02  0.2481912E-15  0.2240171E-05  0.3447854E-02  0.6513025E-01  0.5320555E-02  0.1424248E-01  0.3176542E+04 -0.3562529E+04  0.5072468E+05  0.1929135E+04  0.8814339E-01  0.1118682E+07  0.5803009E+07  0.1979013E-02  0.2225107E+02  0.4883629E+05  0.7745766E+06 
 0.6384953E+01  0.1797374E-02  0.2503604E-15  0.2252027E-05  0.3471947E-02  0.6568524E-01  0.5360618E-02  0.1437120E-01  0.3177490E+04 -0.3552379E+04  0.5133677E+05  0.1936086E+04  0.8889126E-01  0.1121754E+07  0.5833327E+07  0.1979013E-02  0.2225107E+02  0.4927818E+05  0.7783178E+06 
 0.6408256E+01  0.1809311E-02  0.2523644E-15  0.2263068E-05  0.3494754E-02  0.6621517E-01  0.5398739E-02  0.1449434E-01  0.3178398E+04 -0.3541822E+04  0.5192191E+05  0.1942646E+04  0.8960527E-01  0.1124053E+07  0.5864331E+07  0.1979013E-02  0.2225107E+02  0.4970068E+05  0.7815723E+06 
 0.6431559E+01  0.1821641E-02  0.2542171E-15  0.2273159E-05  0.3515831E-02  0.6670462E-01  0.5434057E-02  0.1460803E-01  0.3179200E+04 -0.3530640E+04  0.5246199E+05  0.1948598E+04  0.9026481E-01  0.1125189E+07  0.5896389E+07  0.1979013E-02  0.2225107E+02  0.5009032E+05  0.7840828E+06 
 0.6454862E+01  0.1834148E-02  0.2560582E-15  0.2283670E-05  0.3537258E-02  0.6718820E-01  0.5469640E-02  0.1471949E-01  0.3179785E+04 -0.3519269E+04  0.5299183E+05  0.1954236E+04  0.9091687E-01  0.1126029E+07  0.5928790E+07  0.1979013E-02  0.2225107E+02  0.5047002E+05  0.7864188E+06 
 0.6478164E+01  0.1846528E-02  0.2580063E-15  0.2294437E-05  0.3559308E-02  0.6769717E-01  0.5506633E-02  0.1483747E-01  0.3180396E+04 -0.3508295E+04  0.5355766E+05  0.1960398E+04  0.9160288E-01  0.1127460E+07  0.5960779E+07  0.1979013E-02  0.2225107E+02  0.5086994E+05  0.7891626E+06 
 0.6501467E+01  0.1858933E-02  0.2599837E-15  0.2305882E-05  0.3582210E-02  0.6821893E-01  0.5544887E-02  0.1495800E-01  0.3181051E+04 -0.3497419E+04  0.5413599E+05  0.1966548E+04  0.9230633E-01  0.1129085E+07  0.5992699E+07  0.1979013E-02  0.2225107E+02  0.5128085E+05  0.7920563E+06 
 0.6524770E+01  0.1871473E-02  0.2618893E-15  0.2317424E-05  0.3605005E-02  0.6873596E-01  0.5582964E-02  0.1507726E-01  0.3181672E+04 -0.3486436E+04  0.5470951E+05  0.1972563E+04  0.9300351E-01  0.1130480E+07  0.6024894E+07  0.1979013E-02  0.2225107E+02  0.5168755E+05  0.7948182E+06 
 0.6548073E+01  0.1884289E-02  0.2626958E-15  0.2328157E-05  0.3626339E-02  0.6922623E-01  0.5618869E-02  0.1519071E-01  0.3182311E+04 -0.3475089E+04  0.5525583E+05  0.1978280E+04  0.9366448E-01  0.1131115E+07  0.6057804E+07  0.1979013E-02  0.2225107E+02  0.5207489E+05  0.7970970E+06 
 0.6571375E+01  0.1897375E-02  0.2669867E-15  0.2338272E-05  0.3646531E-02  0.6969425E-01  0.5653021E-02  0.1529923E-01  0.3182978E+04 -0.3463404E+04  0.5577644E+05  0.1983637E+04  0.9429537E-01  0.1131089E+07  0.6091328E+07  0.1979013E-02  0.2225107E+02  0.5244647E+05  0.7989525E+06 
 0.6594678E+01  0.1910443E-02  0.2680821E-15  0.2347931E-05  0.3666322E-02  0.7017160E-01  0.5687077E-02  0.1541103E-01  0.3183849E+04 -0.3451911E+04  0.5631536E+05  0.1989331E+04  0.9493838E-01  0.1131256E+07  0.6124760E+07  0.1979013E-02  0.2225107E+02  0.5283118E+05  0.8009537E+06 
 0.6617981E+01  0.1923644E-02  0.2683977E-15  0.2357748E-05  0.3685991E-02  0.7064613E-01  0.5720957E-02  0.1552216E-01  0.3184915E+04 -0.3440336E+04  0.5684961E+05  0.1994864E+04  0.9557759E-01  0.1131248E+07  0.6158438E+07  0.1979013E-02  0.2225107E+02  0.5321942E+05  0.8028574E+06 
 0.6641284E+01  0.1936734E-02  0.2701958E-15  0.2366175E-05  0.3704617E-02  0.7113936E-01  0.5754285E-02  0.1564023E-01  0.3186408E+04 -0.3429115E+04  0.5741589E+05  0.2000976E+04  0.9624086E-01  0.1131680E+07  0.6191711E+07  0.1979013E-02  0.2225107E+02  0.5363458E+05  0.8050635E+06 
 0.6664586E+01  0.1949788E-02  0.2744605E-15  0.2374529E-05  0.3723489E-02  0.7164975E-01  0.5788406E-02  0.1576295E-01  0.3188214E+04 -0.3418108E+04  0.5800485E+05  0.2007328E+04  0.9692697E-01  0.1132442E+07  0.6224811E+07  0.1979013E-02  0.2225107E+02  0.5407215E+05  0.8075122E+06 
 0.6687889E+01  0.1962939E-02  0.2752287E-15  0.2384156E-05  0.3743467E-02  0.7216905E-01  0.5823903E-02  0.1588673E-01  0.3190040E+04 -0.3407080E+04  0.5859806E+05  0.2013470E+04  0.9762553E-01  0.1133256E+07  0.6258012E+07  0.1979013E-02  0.2225107E+02  0.5451757E+05  0.8100218E+06 
 0.6711192E+01  0.1976231E-02  0.2765196E-15  0.2393409E-05  0.3764228E-02  0.7268633E-01  0.5860214E-02  0.1600879E-01  0.3191304E+04 -0.3395956E+04  0.5918952E+05  0.2019494E+04  0.9832195E-01  0.1133899E+07  0.6291483E+07  0.1979013E-02  0.2225107E+02  0.5494610E+05  0.8124392E+06 
 0.6734495E+01  0.1989378E-02  0.2790751E-15  0.2403160E-05  0.3786007E-02  0.7323456E-01  0.5898538E-02  0.1613845E-01  0.3192513E+04 -0.3385226E+04  0.5982196E+05  0.2025982E+04  0.9905995E-01  0.1135203E+07  0.6324446E+07  0.1979013E-02  0.2225107E+02  0.5539721E+05  0.8153191E+06 
 0.6757797E+01  0.2002035E-02  0.2813993E-15  0.2413631E-05  0.3811031E-02  0.7386007E-01  0.5942285E-02  0.1628619E-01  0.3193586E+04 -0.3375465E+04  0.6054943E+05  0.2033462E+04  0.9990199E-01  0.1138260E+07  0.6355913E+07  0.1979013E-02  0.2225107E+02  0.5590364E+05  0.8193984E+06 
 0.6781100E+01  0.2013825E-02  0.2842585E-15  0.2423974E-05  0.3839807E-02  0.7460233E-01  0.5993269E-02  0.1646280E-01  0.3194604E+04 -0.3367274E+04  0.6143046E+05  0.2042797E+04  0.1009006E+00  0.1144065E+07  0.6384959E+07  0.1979013E-02  0.2225107E+02  0.5649820E+05  0.8253492E+06 
 0.6804403E+01  0.2025186E-02  0.2874002E-15  0.2436441E-05  0.3871995E-02  0.7541824E-01  0.6049778E-02  0.1665619E-01  0.3195735E+04 -0.3359891E+04  0.6239858E+05  0.2052822E+04  0.1019986E+00  0.1151449E+07  0.6412707E+07  0.1979013E-02  0.2225107E+02  0.5715254E+05  0.8324011E+06 
 0.6827706E+01  0.2036965E-02  0.2902759E-15  0.2441206E-05  0.3898774E-02  0.7617632E-01  0.6099234E-02  0.1684020E-01  0.3196313E+04 -0.3351901E+04  0.6332162E+05  0.2062804E+04  0.1030170E+00  0.1157420E+07  0.6441470E+07  0.1979013E-02  0.2225107E+02  0.5774819E+05  0.8384994E+06 
 0.6851008E+01  0.2048926E-02  0.2931063E-15  0.2444128E-05  0.3924216E-02  0.7692170E-01  0.6147235E-02  0.1702225E-01  0.3196786E+04 -0.3343706E+04  0.6423731E+05  0.2072715E+04  0.1040178E+00  0.1162958E+07  0.6470648E+07  0.1979013E-02  0.2225107E+02  0.5833168E+05  0.8443320E+06 
 0.6874311E+01  0.2060977E-02  0.2959387E-15  0.2445986E-05  0.3949345E-02  0.7766870E-01  0.6194990E-02  0.1720520E-01  0.3197026E+04 -0.3335462E+04  0.6516035E+05  0.2082641E+04  0.1050207E+00  0.1168387E+07  0.6499944E+07  0.1979013E-02  0.2225107E+02  0.5890980E+05  0.8501170E+06 
 0.6897614E+01  0.2072794E-02  0.2989208E-15  0.2446973E-05  0.3974434E-02  0.7845216E-01  0.6243929E-02  0.1739880E-01  0.3197258E+04 -0.3327689E+04  0.6614249E+05  0.2093333E+04  0.1060718E+00  0.1174587E+07  0.6528585E+07  0.1979013E-02  0.2225107E+02  0.5951611E+05  0.8564501E+06 
 0.6920917E+01  0.2084318E-02  0.3020788E-15  0.2447664E-05  0.4000757E-02  0.7928308E-01  0.6295595E-02  0.1760450E-01  0.3197694E+04 -0.3320471E+04  0.6719419E+05  0.2104769E+04  0.1071864E+00  0.1181787E+07  0.6556516E+07  0.1979013E-02  0.2225107E+02  0.6016525E+05  0.8635045E+06 
 0.6944219E+01  0.2095839E-02  0.3054143E-15  0.2462823E-05  0.4033315E-02  0.8016072E-01  0.6355505E-02  0.1781494E-01  0.3199250E+04 -0.3313337E+04  0.6827025E+05  0.2115374E+04  0.1083669E+00  0.1189674E+07  0.6584480E+07  0.1979013E-02  0.2225107E+02  0.6088410E+05  0.8711302E+06 
 0.6967522E+01  0.2107447E-02  0.3087943E-15  0.2482779E-05  0.4068481E-02  0.8105372E-01  0.6418440E-02  0.1802624E-01  0.3200825E+04 -0.3306143E+04  0.6935663E+05  0.2125615E+04  0.1095694E+00  0.1197657E+07  0.6612628E+07  0.1979013E-02  0.2225107E+02  0.6161567E+05  0.8788828E+06 
 0.6990825E+01  0.2119258E-02  0.3122242E-15  0.2511511E-05  0.4107381E-02  0.8195747E-01  0.6485808E-02  0.1823534E-01  0.3202901E+04 -0.3298714E+04  0.7043476E+05  0.2135010E+04  0.1107885E+00  0.1205547E+07  0.6641294E+07  0.1979013E-02  0.2225107E+02  0.6237168E+05  0.8866566E+06 
